-129.06738	48.43938	-	0.00	0	0.0
-129.06750	48.43920	-	0.02	0.02162	0.0
-129.06763	48.43903	-	0.04	0.02162	0.0
-129.06775	48.43885	-	0.06	0.02162	0.0
-129.06787	48.43867	-	0.09	0.02162	0.0
-129.06800	48.43850	-	0.11	0.02162	0.0
-129.06812	48.43832	-	0.13	0.02162	0.0
-129.06825	48.43815	-	0.15	0.02162	0.0
-129.06837	48.43797	-	0.17	0.02162	0.0
-129.06849	48.43779	-	0.19	0.02162	0.0
-129.06862	48.43762	-	0.22	0.02162	0.0
-129.06874	48.43744	-	0.24	0.02162	0.0
-129.06887	48.43727	-	0.26	0.02162	0.0
-129.06899	48.43709	-	0.28	0.02162	0.0
-129.06911	48.43691	-	0.30	0.02162	0.0
-129.06924	48.43674	-	0.32	0.02162	0.0
-129.06936	48.43656	-	0.35	0.02162	0.0
-129.06949	48.43638	-	0.37	0.02162	0.0
-129.06961	48.43621	-	0.39	0.02162	0.0
-129.06973	48.43603	-	0.41	0.02162	0.0
-129.06986	48.43586	-	0.43	0.02162	0.0
-129.06998	48.43568	-	0.45	0.02162	0.0
-129.07010	48.43550	-	0.48	0.02162	0.0
-129.07023	48.43533	-	0.50	0.02162	0.0
-129.07035	48.43515	-	0.52	0.02162	0.0
-129.07048	48.43497	-	0.54	0.02162	0.0
-129.07060	48.43480	-	0.56	0.02162	0.0
-129.07072	48.43462	-	0.58	0.02162	0.0
-129.07085	48.43445	-	0.61	0.02162	0.0
-129.07097	48.43427	-	0.63	0.02162	0.0
-129.07110	48.43409	-	0.65	0.02162	0.0
-129.07122	48.43392	-	0.67	0.02162	0.0
-129.07134	48.43374	-	0.69	0.02162	0.0
-129.07147	48.43357	-	0.71	0.02162	0.0
-129.07159	48.43339	-	0.74	0.02162	0.0
-129.07172	48.43321	-	0.76	0.02162	0.0
-129.07184	48.43304	-	0.78	0.02162	0.0
-129.07196	48.43286	-	0.80	0.02162	0.0
-129.07209	48.43268	-	0.82	0.02162	0.0
-129.07221	48.43251	-	0.84	0.02162	0.0
-129.07234	48.43233	-	0.86	0.02162	0.0
-129.07246	48.43216	-	0.89	0.02162	0.0
-129.07258	48.43198	-	0.91	0.02162	0.0
-129.07271	48.43180	-	0.93	0.02162	0.0
-129.07283	48.43163	-	0.95	0.02162	0.0
-129.07296	48.43145	-	0.97	0.02162	0.0
-129.07308	48.43128	-	0.99	0.02162	0.0
-129.07320	48.43110	-	1.02	0.02162	0.0
-129.07333	48.43092	-	1.04	0.02162	0.0
-129.07345	48.43075	-	1.06	0.02162	0.0
-129.07357	48.43057	-	1.08	0.02162	0.0
-129.07370	48.43039	-	1.10	0.02162	0.0
-129.07382	48.43022	-	1.12	0.02162	0.0
-129.07395	48.43004	-	1.15	0.02162	0.0
-129.07407	48.42987	-	1.17	0.02162	0.0
-129.07419	48.42969	-	1.19	0.02162	0.0
-129.07432	48.42951	-	1.21	0.02162	0.0
-129.07444	48.42934	-	1.23	0.02162	0.0
-129.07457	48.42916	-	1.25	0.02162	0.0
-129.07469	48.42898	-	1.28	0.02162	0.0
-129.07481	48.42881	-	1.30	0.02162	0.0
-129.07494	48.42863	-	1.32	0.02162	0.0
-129.07506	48.42846	-	1.34	0.02162	0.0
-129.07519	48.42828	-	1.36	0.02162	0.0
-129.07531	48.42810	-	1.38	0.02162	0.0
-129.07543	48.42793	-	1.41	0.02162	0.0
-129.07556	48.42775	-	1.43	0.02162	0.0
-129.07568	48.42758	-	1.45	0.02162	0.0
-129.07580	48.42740	-	1.47	0.02162	0.0
-129.07593	48.42722	-	1.49	0.02162	0.0
-129.07605	48.42705	-	1.51	0.02162	0.0
-129.07618	48.42687	-	1.53	0.02162	0.0
-129.07630	48.42669	-	1.56	0.02162	0.0
-129.07642	48.42652	-	1.58	0.02162	0.0
-129.07655	48.42634	-	1.60	0.02162	0.0
-129.07667	48.42617	-	1.62	0.02162	0.0
-129.07680	48.42599	-	1.64	0.02162	0.0
-129.07692	48.42581	-	1.66	0.02162	0.0
-129.07704	48.42564	-	1.69	0.02162	0.0
-129.07717	48.42546	-	1.71	0.02162	0.0
-129.07729	48.42529	-	1.73	0.02162	0.0
-129.07742	48.42511	-	1.75	0.02162	0.0
-129.07754	48.42493	-	1.77	0.02162	0.0
-129.07766	48.42476	-	1.79	0.02162	0.0
-129.07779	48.42458	-	1.82	0.02162	0.0
-129.07791	48.42440	-	1.84	0.02162	0.0
-129.07803	48.42423	-	1.86	0.02162	0.0
-129.07816	48.42405	-	1.88	0.02162	0.0
-129.07828	48.42388	-	1.90	0.02162	0.0
-129.07841	48.42370	-	1.92	0.02162	0.0
-129.07853	48.42352	-	1.95	0.02162	0.0
-129.07865	48.42335	-	1.97	0.02162	0.0
-129.07878	48.42317	-	1.99	0.02162	0.0
-129.07890	48.42299	-	2.01	0.02162	0.0
-129.07903	48.42282	-	2.03	0.02162	0.0
-129.07915	48.42264	-	2.05	0.02162	0.0
-129.07927	48.42247	-	2.08	0.02162	0.0
-129.07940	48.42229	-	2.10	0.02162	0.0
-129.07952	48.42211	-	2.12	0.02162	0.0
-129.07965	48.42194	-	2.14	0.02162	0.0
-129.07979	48.42170	-	2.17	0.02814	0.0
-129.07993	48.42147	-	2.20	0.02814	0.0
-129.08007	48.42123	-	2.22	0.02814	0.0
-129.08021	48.42100	-	2.25	0.02814	0.0
-129.08035	48.42076	-	2.28	0.02814	0.0
-129.08050	48.42053	-	2.31	0.02814	0.0
-129.08064	48.42029	-	2.34	0.02814	0.0
-129.08078	48.42006	-	2.37	0.02814	0.0
-129.08092	48.41982	-	2.39	0.02814	0.0
-129.08106	48.41959	-	2.42	0.02814	0.0
-129.08120	48.41935	-	2.45	0.02814	0.0
-129.08135	48.41912	-	2.48	0.02814	0.0
-129.08149	48.41888	-	2.51	0.02814	0.0
-129.08163	48.41865	-	2.53	0.02814	0.0
-129.08177	48.41841	-	2.56	0.02814	0.0
-129.08191	48.41818	-	2.59	0.02814	0.0
-129.08205	48.41794	-	2.62	0.02814	0.0
-129.08219	48.41771	-	2.65	0.02814	0.0
-129.08234	48.41747	-	2.67	0.02814	0.0
-129.08248	48.41724	-	2.70	0.02814	0.0
-129.08262	48.41700	-	2.73	0.02814	0.0
-129.08276	48.41677	-	2.76	0.02814	0.0
-129.08290	48.41653	-	2.79	0.02814	0.0
-129.08304	48.41630	-	2.82	0.02814	0.0
-129.08319	48.41606	-	2.84	0.02814	0.0
-129.08333	48.41583	-	2.87	0.02814	0.0
-129.08347	48.41559	-	2.90	0.02814	0.0
-129.08361	48.41536	-	2.93	0.02814	0.0
-129.08375	48.41512	-	2.96	0.02814	0.0
-129.08389	48.41489	-	2.98	0.02814	0.0
-129.08404	48.41465	-	3.01	0.02814	0.0
-129.08418	48.41442	-	3.04	0.02814	0.0
-129.08432	48.41418	-	3.07	0.02814	0.0
-129.08446	48.41395	-	3.10	0.02814	0.0
-129.08460	48.41371	-	3.13	0.02814	0.0
-129.08474	48.41348	-	3.15	0.02814	0.0
-129.08489	48.41324	-	3.18	0.02814	0.0
-129.08503	48.41301	-	3.21	0.02814	0.0
-129.08517	48.41277	-	3.24	0.02814	0.0
-129.08531	48.41254	-	3.27	0.02814	0.0
-129.08545	48.41230	-	3.29	0.02814	0.0
-129.08559	48.41207	-	3.32	0.02814	0.0
-129.08574	48.41183	-	3.35	0.02814	0.0
-129.08588	48.41160	-	3.38	0.02814	0.0
-129.08602	48.41136	-	3.41	0.02814	0.0
-129.08616	48.41113	-	3.43	0.02814	0.0
-129.08630	48.41089	-	3.46	0.02814	0.0
-129.08644	48.41066	-	3.49	0.02814	0.0
-129.08659	48.41042	-	3.52	0.02814	0.0
-129.08673	48.41019	-	3.55	0.02814	0.0
-129.08687	48.40995	-	3.58	0.02814	0.0
-129.08701	48.40972	-	3.60	0.02814	0.0
-129.08715	48.40948	-	3.63	0.02814	0.0
-129.08729	48.40925	-	3.66	0.02814	0.0
-129.08744	48.40901	-	3.69	0.02814	0.0
-129.08758	48.40878	-	3.72	0.02814	0.0
-129.08772	48.40854	-	3.74	0.02814	0.0
-129.08786	48.40831	-	3.77	0.02814	0.0
-129.08800	48.40807	-	3.80	0.02814	0.0
-129.08814	48.40784	-	3.83	0.02814	0.0
-129.08828	48.40760	-	3.86	0.02814	0.0
-129.08843	48.40737	-	3.89	0.02814	0.0
-129.08857	48.40713	-	3.91	0.02814	0.0
-129.08871	48.40690	-	3.94	0.02814	0.0
-129.08885	48.40666	-	3.97	0.02814	0.0
-129.08899	48.40643	-	4.00	0.02814	0.0
-129.08913	48.40619	-	4.03	0.02814	0.0
-129.08928	48.40596	-	4.05	0.02814	0.0
-129.08942	48.40572	-	4.08	0.02814	0.0
-129.08956	48.40549	-	4.11	0.02814	0.0
-129.08970	48.40525	-	4.14	0.02814	0.0
-129.08984	48.40502	-	4.17	0.02814	0.0
-129.08998	48.40478	-	4.19	0.02814	0.0
-129.09013	48.40455	-	4.22	0.02814	0.0
-129.09027	48.40431	-	4.25	0.02814	0.0
-129.09041	48.40408	-	4.28	0.02814	0.0
-129.09055	48.40384	-	4.31	0.02814	0.0
-129.09069	48.40361	-	4.34	0.02814	0.0
-129.09083	48.40337	-	4.36	0.02814	0.0
-129.09097	48.40314	-	4.39	0.02814	0.0
-129.09112	48.40290	-	4.42	0.02814	0.0
-129.09126	48.40267	-	4.45	0.02814	0.0
-129.09140	48.40243	-	4.48	0.02814	0.0
-129.09154	48.40220	-	4.50	0.02814	0.0
-129.09168	48.40196	-	4.53	0.02814	0.0
-129.09182	48.40173	-	4.56	0.02814	0.0
-129.09197	48.40149	-	4.59	0.02814	0.0
-129.09211	48.40126	-	4.62	0.02814	0.0
-129.09225	48.40102	-	4.64	0.02814	0.0
-129.09239	48.40079	-	4.67	0.02814	0.0
-129.09253	48.40055	-	4.70	0.02814	0.0
-129.09267	48.40032	-	4.73	0.02814	0.0
-129.09282	48.40008	-	4.76	0.02814	0.0
-129.09296	48.39985	-	4.79	0.02814	0.0
-129.09310	48.39961	-	4.81	0.02814	0.0
-129.09324	48.39938	-	4.84	0.02814	0.0
-129.09338	48.39914	-	4.87	0.02814	0.0
-129.09352	48.39891	-	4.90	0.02814	0.0
-129.09366	48.39867	-	4.93	0.02814	0.0
-129.09381	48.39840	-	4.96	0.03183	0.0
-129.09395	48.39813	-	4.99	0.03183	0.0
-129.09409	48.39786	-	5.02	0.03183	0.0
-129.09423	48.39759	-	5.05	0.03183	0.0
-129.09437	48.39732	-	5.09	0.03183	0.0
-129.09451	48.39705	-	5.12	0.03183	0.0
-129.09466	48.39678	-	5.15	0.03183	0.0
-129.09480	48.39651	-	5.18	0.03183	0.0
-129.09494	48.39624	-	5.21	0.03183	0.0
-129.09508	48.39597	-	5.24	0.03183	0.0
-129.09522	48.39570	-	5.28	0.03183	0.0
-129.09536	48.39543	-	5.31	0.03183	0.0
-129.09551	48.39516	-	5.34	0.03183	0.0
-129.09565	48.39489	-	5.37	0.03183	0.0
-129.09579	48.39462	-	5.40	0.03183	0.0
-129.09593	48.39435	-	5.44	0.03183	0.0
-129.09607	48.39408	-	5.47	0.03183	0.0
-129.09621	48.39381	-	5.50	0.03183	0.0
-129.09636	48.39354	-	5.53	0.03183	0.0
-129.09650	48.39327	-	5.56	0.03183	0.0
-129.09664	48.39299	-	5.59	0.03183	0.0
-129.09678	48.39272	-	5.63	0.03183	0.0
-129.09692	48.39245	-	5.66	0.03183	0.0
-129.09706	48.39218	-	5.69	0.03183	0.0
-129.09721	48.39191	-	5.72	0.03183	0.0
-129.09735	48.39164	-	5.75	0.03183	0.0
-129.09749	48.39137	-	5.79	0.03183	0.0
-129.09763	48.39110	-	5.82	0.03183	0.0
-129.09777	48.39083	-	5.85	0.03183	0.0
-129.09791	48.39056	-	5.88	0.03183	0.0
-129.09806	48.39029	-	5.91	0.03183	0.0
-129.09820	48.39002	-	5.95	0.03183	0.0
-129.09834	48.38975	-	5.98	0.03183	0.0
-129.09848	48.38948	-	6.01	0.03183	0.0
-129.09862	48.38921	-	6.04	0.03183	0.0
-129.09876	48.38894	-	6.07	0.03183	0.0
-129.09891	48.38867	-	6.10	0.03183	0.0
-129.09905	48.38840	-	6.14	0.03183	0.0
-129.09919	48.38813	-	6.17	0.03183	0.0
-129.09933	48.38786	-	6.20	0.03183	0.0
-129.09947	48.38759	-	6.23	0.03183	0.0
-129.09961	48.38732	-	6.26	0.03183	0.0
-129.09976	48.38705	-	6.30	0.03183	0.0
-129.09990	48.38678	-	6.33	0.03183	0.0
-129.10004	48.38651	-	6.36	0.03183	0.0
-129.10018	48.38624	-	6.39	0.03183	0.0
-129.10032	48.38596	-	6.42	0.03183	0.0
-129.10046	48.38569	-	6.45	0.03183	0.0
-129.10061	48.38542	-	6.49	0.03183	0.0
-129.10075	48.38515	-	6.52	0.03183	0.0
-129.10089	48.38488	-	6.55	0.03183	0.0
-129.10103	48.38461	-	6.58	0.03183	0.0
-129.10117	48.38434	-	6.61	0.03183	0.0
-129.10131	48.38407	-	6.65	0.03183	0.0
-129.10145	48.38380	-	6.68	0.03183	0.0
-129.10160	48.38353	-	6.71	0.03183	0.0
-129.10174	48.38326	-	6.74	0.03183	0.0
-129.10188	48.38299	-	6.77	0.03183	0.0
-129.10202	48.38272	-	6.80	0.03183	0.0
-129.10216	48.38245	-	6.84	0.03183	0.0
-129.10230	48.38218	-	6.87	0.03183	0.0
-129.10245	48.38191	-	6.90	0.03183	0.0
-129.10259	48.38164	-	6.93	0.03183	0.0
-129.10273	48.38137	-	6.96	0.03183	0.0
-129.10287	48.38110	-	7.00	0.03183	0.0
-129.10301	48.38083	-	7.03	0.03183	0.0
-129.10315	48.38056	-	7.06	0.03183	0.0
-129.10330	48.38029	-	7.09	0.03183	0.0
-129.10344	48.38002	-	7.12	0.03183	0.0
-129.10358	48.37975	-	7.15	0.03183	0.0
-129.10372	48.37948	-	7.19	0.03183	0.0
-129.10386	48.37921	-	7.22	0.03183	0.0
-129.10400	48.37894	-	7.25	0.03183	0.0
-129.10414	48.37866	-	7.28	0.03183	0.0
-129.10429	48.37839	-	7.31	0.03183	0.0
-129.10443	48.37812	-	7.35	0.03183	0.0
-129.10457	48.37785	-	7.38	0.03183	0.0
-129.10471	48.37758	-	7.41	0.03183	0.0
-129.10485	48.37731	-	7.44	0.03183	0.0
-129.10499	48.37704	-	7.47	0.03183	0.0
-129.10514	48.37677	-	7.50	0.03183	0.0
-129.10528	48.37650	-	7.54	0.03183	0.0
-129.10542	48.37623	-	7.57	0.03183	0.0
-129.10556	48.37596	-	7.60	0.03183	0.0
-129.10570	48.37569	-	7.63	0.03183	0.0
-129.10584	48.37542	-	7.66	0.03183	0.0
-129.10599	48.37515	-	7.70	0.03183	0.0
-129.10613	48.37488	-	7.73	0.03183	0.0
-129.10627	48.37461	-	7.76	0.03183	0.0
-129.10641	48.37434	-	7.79	0.03183	0.0
-129.10655	48.37407	-	7.82	0.03183	0.0
-129.10669	48.37380	-	7.85	0.03183	0.0
-129.10683	48.37353	-	7.89	0.03183	0.0
-129.10698	48.37326	-	7.92	0.03183	0.0
-129.10712	48.37299	-	7.95	0.03183	0.0
-129.10726	48.37272	-	7.98	0.03183	0.0
-129.10740	48.37245	-	8.01	0.03183	0.0
-129.10754	48.37218	-	8.05	0.03183	0.0
-129.10768	48.37190	-	8.08	0.03183	0.0
-129.10775	48.37165	-	8.11	0.02924	0.0
-129.10783	48.37139	-	8.14	0.02924	0.0
-129.10790	48.37113	-	8.17	0.02924	0.0
-129.10797	48.37087	-	8.19	0.02924	0.0
-129.10804	48.37061	-	8.22	0.02924	0.0
-129.10811	48.37035	-	8.25	0.02924	0.0
-129.10818	48.37009	-	8.28	0.02924	0.0
-129.10825	48.36983	-	8.31	0.02924	0.0
-129.10832	48.36958	-	8.34	0.02924	0.0
-129.10839	48.36932	-	8.37	0.02924	0.0
-129.10846	48.36906	-	8.40	0.02924	0.0
-129.10853	48.36880	-	8.43	0.02924	0.0
-129.10860	48.36854	-	8.46	0.02924	0.0
-129.10868	48.36828	-	8.49	0.02924	0.0
-129.10875	48.36802	-	8.52	0.02924	0.0
-129.10882	48.36776	-	8.55	0.02924	0.0
-129.10889	48.36751	-	8.57	0.02924	0.0
-129.10896	48.36725	-	8.60	0.02924	0.0
-129.10903	48.36699	-	8.63	0.02924	0.0
-129.10910	48.36673	-	8.66	0.02924	0.0
-129.10917	48.36647	-	8.69	0.02924	0.0
-129.10924	48.36621	-	8.72	0.02924	0.0
-129.10931	48.36595	-	8.75	0.02924	0.0
-129.10938	48.36569	-	8.78	0.02924	0.0
-129.10945	48.36544	-	8.81	0.02924	0.0
-129.10953	48.36518	-	8.84	0.02924	0.0
-129.10960	48.36492	-	8.87	0.02924	0.0
-129.10967	48.36466	-	8.90	0.02924	0.0
-129.10974	48.36440	-	8.93	0.02924	0.0
-129.10981	48.36414	-	8.96	0.02924	0.0
-129.10988	48.36388	-	8.98	0.02924	0.0
-129.10995	48.36362	-	9.01	0.02924	0.0
-129.11002	48.36337	-	9.04	0.02924	0.0
-129.11009	48.36311	-	9.07	0.02924	0.0
-129.11016	48.36285	-	9.10	0.02924	0.0
-129.11023	48.36259	-	9.13	0.02924	0.0
-129.11030	48.36233	-	9.16	0.02924	0.0
-129.11038	48.36207	-	9.19	0.02924	0.0
-129.11045	48.36181	-	9.22	0.02924	0.0
-129.11052	48.36155	-	9.25	0.02924	0.0
-129.11059	48.36130	-	9.28	0.02924	0.0
-129.11066	48.36104	-	9.31	0.02924	0.0
-129.11073	48.36078	-	9.34	0.02924	0.0
-129.11080	48.36052	-	9.36	0.02924	0.0
-129.11087	48.36026	-	9.39	0.02924	0.0
-129.11094	48.36000	-	9.42	0.02924	0.0
-129.11101	48.35974	-	9.45	0.02924	0.0
-129.11108	48.35948	-	9.48	0.02924	0.0
-129.11115	48.35923	-	9.51	0.02924	0.0
-129.11122	48.35897	-	9.54	0.02924	0.0
-129.11130	48.35871	-	9.57	0.02924	0.0
-129.11137	48.35845	-	9.60	0.02924	0.0
-129.11144	48.35819	-	9.63	0.02924	0.0
-129.11151	48.35793	-	9.66	0.02924	0.0
-129.11158	48.35767	-	9.69	0.02924	0.0
-129.11165	48.35741	-	9.72	0.02924	0.0
-129.11172	48.35716	-	9.74	0.02924	0.0
-129.11179	48.35690	-	9.77	0.02924	0.0
-129.11186	48.35664	-	9.80	0.02924	0.0
-129.11193	48.35638	-	9.83	0.02924	0.0
-129.11200	48.35612	-	9.86	0.02924	0.0
-129.11207	48.35586	-	9.89	0.02924	0.0
-129.11215	48.35560	-	9.92	0.02924	0.0
-129.11222	48.35534	-	9.95	0.02924	0.0
-129.11229	48.35509	-	9.98	0.02924	0.0
-129.11236	48.35483	-	10.01	0.02924	0.0
-129.11243	48.35457	-	10.04	0.02924	0.0
-129.11250	48.35431	-	10.07	0.02924	0.0
-129.11257	48.35405	-	10.10	0.02924	0.0
-129.11264	48.35379	-	10.12	0.02924	0.0
-129.11271	48.35353	-	10.15	0.02924	0.0
-129.11278	48.35327	-	10.18	0.02924	0.0
-129.11285	48.35302	-	10.21	0.02924	0.0
-129.11292	48.35276	-	10.24	0.02924	0.0
-129.11299	48.35250	-	10.27	0.02924	0.0
-129.11307	48.35224	-	10.30	0.02924	0.0
-129.11314	48.35198	-	10.33	0.02924	0.0
-129.11321	48.35172	-	10.36	0.02924	0.0
-129.11328	48.35146	-	10.39	0.02924	0.0
-129.11335	48.35120	-	10.42	0.02924	0.0
-129.11342	48.35095	-	10.45	0.02924	0.0
-129.11349	48.35069	-	10.48	0.02924	0.0
-129.11356	48.35043	-	10.51	0.02924	0.0
-129.11363	48.35017	-	10.53	0.02924	0.0
-129.11370	48.34991	-	10.56	0.02924	0.0
-129.11377	48.34965	-	10.59	0.02924	0.0
-129.11384	48.34939	-	10.62	0.02924	0.0
-129.11391	48.34913	-	10.65	0.02924	0.0
-129.11399	48.34888	-	10.68	0.02924	0.0
-129.11406	48.34862	-	10.71	0.02924	0.0
-129.11413	48.34836	-	10.74	0.02924	0.0
-129.11420	48.34810	-	10.77	0.02924	0.0
-129.11427	48.34784	-	10.80	0.02924	0.0
-129.11434	48.34758	-	10.83	0.02924	0.0
-129.11441	48.34732	-	10.86	0.02924	0.0
-129.11448	48.34706	-	10.89	0.02924	0.0
-129.11455	48.34681	-	10.91	0.02924	0.0
-129.11462	48.34655	-	10.94	0.02924	0.0
-129.11469	48.34629	-	10.97	0.02924	0.0
-129.11473	48.34610	-	10.99	0.02110	0.0
-129.11476	48.34591	-	11.02	0.02110	0.0
-129.11480	48.34572	-	11.04	0.02110	0.0
-129.11484	48.34553	-	11.06	0.02110	0.0
-129.11487	48.34535	-	11.08	0.02110	0.0
-129.11491	48.34516	-	11.10	0.02110	0.0
-129.11494	48.34497	-	11.12	0.02110	0.0
-129.11498	48.34478	-	11.14	0.02110	0.0
-129.11501	48.34459	-	11.16	0.02110	0.0
-129.11505	48.34441	-	11.18	0.02110	0.0
-129.11508	48.34422	-	11.21	0.02110	0.0
-129.11512	48.34403	-	11.23	0.02110	0.0
-129.11515	48.34384	-	11.25	0.02110	0.0
-129.11519	48.34365	-	11.27	0.02110	0.0
-129.11522	48.34346	-	11.29	0.02110	0.0
-129.11526	48.34328	-	11.31	0.02110	0.0
-129.11530	48.34309	-	11.33	0.02110	0.0
-129.11533	48.34290	-	11.35	0.02110	0.0
-129.11537	48.34271	-	11.37	0.02110	0.0
-129.11540	48.34252	-	11.39	0.02110	0.0
-129.11544	48.34233	-	11.42	0.02110	0.0
-129.11547	48.34215	-	11.44	0.02110	0.0
-129.11551	48.34196	-	11.46	0.02110	0.0
-129.11554	48.34177	-	11.48	0.02110	0.0
-129.11558	48.34158	-	11.50	0.02110	0.0
-129.11561	48.34139	-	11.52	0.02110	0.0
-129.11565	48.34120	-	11.54	0.02110	0.0
-129.11569	48.34102	-	11.56	0.02110	0.0
-129.11572	48.34083	-	11.58	0.02110	0.0
-129.11576	48.34064	-	11.61	0.02110	0.0
-129.11579	48.34045	-	11.63	0.02110	0.0
-129.11583	48.34026	-	11.65	0.02110	0.0
-129.11586	48.34007	-	11.67	0.02110	0.0
-129.11590	48.33989	-	11.69	0.02110	0.0
-129.11593	48.33970	-	11.71	0.02110	0.0
-129.11597	48.33951	-	11.73	0.02110	0.0
-129.11600	48.33932	-	11.75	0.02110	0.0
-129.11604	48.33913	-	11.77	0.02110	0.0
-129.11607	48.33895	-	11.80	0.02110	0.0
-129.11611	48.33876	-	11.82	0.02110	0.0
-129.11615	48.33857	-	11.84	0.02110	0.0
-129.11618	48.33838	-	11.86	0.02110	0.0
-129.11622	48.33819	-	11.88	0.02110	0.0
-129.11625	48.33800	-	11.90	0.02110	0.0
-129.11629	48.33782	-	11.92	0.02110	0.0
-129.11632	48.33763	-	11.94	0.02110	0.0
-129.11636	48.33744	-	11.96	0.02110	0.0
-129.11639	48.33725	-	11.99	0.02110	0.0
-129.11643	48.33706	-	12.01	0.02110	0.0
-129.11646	48.33687	-	12.03	0.02110	0.0
-129.11650	48.33669	-	12.05	0.02110	0.0
-129.11653	48.33650	-	12.07	0.02110	0.0
-129.11657	48.33631	-	12.09	0.02110	0.0
-129.11661	48.33612	-	12.11	0.02110	0.0
-129.11664	48.33593	-	12.13	0.02110	0.0
-129.11668	48.33574	-	12.15	0.02110	0.0
-129.11671	48.33556	-	12.18	0.02110	0.0
-129.11675	48.33537	-	12.20	0.02110	0.0
-129.11678	48.33518	-	12.22	0.02110	0.0
-129.11682	48.33499	-	12.24	0.02110	0.0
-129.11685	48.33480	-	12.26	0.02110	0.0
-129.11689	48.33462	-	12.28	0.02110	0.0
-129.11692	48.33443	-	12.30	0.02110	0.0
-129.11696	48.33424	-	12.32	0.02110	0.0
-129.11699	48.33405	-	12.34	0.02110	0.0
-129.11703	48.33386	-	12.37	0.02110	0.0
-129.11707	48.33367	-	12.39	0.02110	0.0
-129.11710	48.33349	-	12.41	0.02110	0.0
-129.11714	48.33330	-	12.43	0.02110	0.0
-129.11717	48.33311	-	12.45	0.02110	0.0
-129.11721	48.33292	-	12.47	0.02110	0.0
-129.11724	48.33273	-	12.49	0.02110	0.0
-129.11728	48.33254	-	12.51	0.02110	0.0
-129.11731	48.33236	-	12.53	0.02110	0.0
-129.11735	48.33217	-	12.56	0.02110	0.0
-129.11738	48.33198	-	12.58	0.02110	0.0
-129.11742	48.33179	-	12.60	0.02110	0.0
-129.11746	48.33160	-	12.62	0.02110	0.0
-129.11749	48.33141	-	12.64	0.02110	0.0
-129.11753	48.33123	-	12.66	0.02110	0.0
-129.11756	48.33104	-	12.68	0.02110	0.0
-129.11760	48.33085	-	12.70	0.02110	0.0
-129.11763	48.33066	-	12.72	0.02110	0.0
-129.11767	48.33047	-	12.75	0.02110	0.0
-129.11770	48.33028	-	12.77	0.02110	0.0
-129.11774	48.33010	-	12.79	0.02110	0.0
-129.11777	48.32991	-	12.81	0.02110	0.0
-129.11781	48.32972	-	12.83	0.02110	0.0
-129.11784	48.32953	-	12.85	0.02110	0.0
-129.11788	48.32934	-	12.87	0.02110	0.0
-129.11792	48.32916	-	12.89	0.02110	0.0
-129.11795	48.32897	-	12.91	0.02110	0.0
-129.11799	48.32878	-	12.94	0.02110	0.0
-129.11802	48.32859	-	12.96	0.02110	0.0
-129.11806	48.32840	-	12.98	0.02110	0.0
-129.11809	48.32821	-	13.00	0.02110	0.0
-129.11813	48.32803	-	13.02	0.02110	0.0
-129.11816	48.32784	-	13.04	0.02110	0.0
-129.11820	48.32765	-	13.06	0.02110	0.0
-129.11825	48.32733	-	13.10	0.03556	0.0
-129.11830	48.32701	-	13.13	0.03556	0.0
-129.11836	48.32670	-	13.17	0.03556	0.0
-129.11841	48.32638	-	13.20	0.03556	0.0
-129.11846	48.32606	-	13.24	0.03556	0.0
-129.11852	48.32574	-	13.28	0.03556	0.0
-129.11857	48.32542	-	13.31	0.03556	0.0
-129.11862	48.32511	-	13.35	0.03556	0.0
-129.11868	48.32479	-	13.38	0.03556	0.0
-129.11873	48.32447	-	13.42	0.03556	0.0
-129.11878	48.32415	-	13.45	0.03556	0.0
-129.11884	48.32383	-	13.49	0.03556	0.0
-129.11889	48.32352	-	13.52	0.03556	0.0
-129.11894	48.32320	-	13.56	0.03556	0.0
-129.11900	48.32288	-	13.60	0.03556	0.0
-129.11905	48.32256	-	13.63	0.03556	0.0
-129.11910	48.32225	-	13.67	0.03556	0.0
-129.11915	48.32193	-	13.70	0.03556	0.0
-129.11921	48.32161	-	13.74	0.03556	0.0
-129.11926	48.32129	-	13.77	0.03556	0.0
-129.11931	48.32097	-	13.81	0.03556	0.0
-129.11937	48.32066	-	13.84	0.03556	0.0
-129.11942	48.32034	-	13.88	0.03556	0.0
-129.11947	48.32002	-	13.92	0.03556	0.0
-129.11953	48.31970	-	13.95	0.03556	0.0
-129.11958	48.31938	-	13.99	0.03556	0.0
-129.11963	48.31907	-	14.02	0.03556	0.0
-129.11969	48.31875	-	14.06	0.03556	0.0
-129.11974	48.31843	-	14.09	0.03556	0.0
-129.11979	48.31811	-	14.13	0.03556	0.0
-129.11985	48.31780	-	14.16	0.03556	0.0
-129.11990	48.31748	-	14.20	0.03556	0.0
-129.11995	48.31716	-	14.24	0.03556	0.0
-129.12000	48.31684	-	14.27	0.03556	0.0
-129.12006	48.31652	-	14.31	0.03556	0.0
-129.12011	48.31621	-	14.34	0.03556	0.0
-129.12016	48.31589	-	14.38	0.03556	0.0
-129.12022	48.31557	-	14.41	0.03556	0.0
-129.12027	48.31525	-	14.45	0.03556	0.0
-129.12032	48.31493	-	14.48	0.03556	0.0
-129.12038	48.31462	-	14.52	0.03556	0.0
-129.12043	48.31430	-	14.56	0.03556	0.0
-129.12048	48.31398	-	14.59	0.03556	0.0
-129.12054	48.31366	-	14.63	0.03556	0.0
-129.12059	48.31335	-	14.66	0.03556	0.0
-129.12064	48.31303	-	14.70	0.03556	0.0
-129.12070	48.31271	-	14.73	0.03556	0.0
-129.12075	48.31239	-	14.77	0.03556	0.0
-129.12080	48.31207	-	14.80	0.03556	0.0
-129.12085	48.31176	-	14.84	0.03556	0.0
-129.12091	48.31144	-	14.88	0.03556	0.0
-129.12096	48.31112	-	14.91	0.03556	0.0
-129.12101	48.31080	-	14.95	0.03556	0.0
-129.12107	48.31048	-	14.98	0.03556	0.0
-129.12112	48.31017	-	15.02	0.03556	0.0
-129.12117	48.30985	-	15.05	0.03556	0.0
-129.12123	48.30953	-	15.09	0.03556	0.0
-129.12128	48.30921	-	15.12	0.03556	0.0
-129.12133	48.30890	-	15.16	0.03556	0.0
-129.12139	48.30858	-	15.20	0.03556	0.0
-129.12144	48.30826	-	15.23	0.03556	0.0
-129.12149	48.30794	-	15.27	0.03556	0.0
-129.12154	48.30762	-	15.30	0.03556	0.0
-129.12160	48.30731	-	15.34	0.03556	0.0
-129.12165	48.30699	-	15.37	0.03556	0.0
-129.12170	48.30667	-	15.41	0.03556	0.0
-129.12176	48.30635	-	15.44	0.03556	0.0
-129.12181	48.30603	-	15.48	0.03556	0.0
-129.12186	48.30572	-	15.52	0.03556	0.0
-129.12192	48.30540	-	15.55	0.03556	0.0
-129.12197	48.30508	-	15.59	0.03556	0.0
-129.12202	48.30476	-	15.62	0.03556	0.0
-129.12208	48.30445	-	15.66	0.03556	0.0
-129.12213	48.30413	-	15.69	0.03556	0.0
-129.12218	48.30381	-	15.73	0.03556	0.0
-129.12223	48.30349	-	15.76	0.03556	0.0
-129.12229	48.30317	-	15.80	0.03556	0.0
-129.12234	48.30286	-	15.84	0.03556	0.0
-129.12239	48.30254	-	15.87	0.03556	0.0
-129.12245	48.30222	-	15.91	0.03556	0.0
-129.12250	48.30190	-	15.94	0.03556	0.0
-129.12255	48.30158	-	15.98	0.03556	0.0
-129.12261	48.30127	-	16.01	0.03556	0.0
-129.12266	48.30095	-	16.05	0.03556	0.0
-129.12271	48.30063	-	16.08	0.03556	0.0
-129.12277	48.30031	-	16.12	0.03556	0.0
-129.12282	48.30000	-	16.16	0.03556	0.0
-129.12287	48.29968	-	16.19	0.03556	0.0
-129.12292	48.29936	-	16.23	0.03556	0.0
-129.12298	48.29904	-	16.26	0.03556	0.0
-129.12303	48.29872	-	16.30	0.03556	0.0
-129.12308	48.29841	-	16.33	0.03556	0.0
-129.12314	48.29809	-	16.37	0.03556	0.0
-129.12319	48.29777	-	16.40	0.03556	0.0
-129.12324	48.29745	-	16.44	0.03556	0.0
-129.12330	48.29713	-	16.48	0.03556	0.0
-129.12335	48.29682	-	16.51	0.03556	0.0
-129.12340	48.29650	-	16.55	0.03556	0.0
-129.12346	48.29618	-	16.58	0.03556	0.0
-129.12346	48.29602	-	16.60	0.01834	0.0
-129.12346	48.29585	-	16.62	0.01834	0.0
-129.12346	48.29569	-	16.64	0.01834	0.0
-129.12346	48.29552	-	16.66	0.01834	0.0
-129.12346	48.29536	-	16.67	0.01834	0.0
-129.12346	48.29519	-	16.69	0.01834	0.0
-129.12346	48.29503	-	16.71	0.01834	0.0
-129.12346	48.29486	-	16.73	0.01834	0.0
-129.12346	48.29470	-	16.75	0.01834	0.0
-129.12346	48.29453	-	16.77	0.01834	0.0
-129.12346	48.29437	-	16.78	0.01834	0.0
-129.12346	48.29420	-	16.80	0.01834	0.0
-129.12346	48.29404	-	16.82	0.01834	0.0
-129.12346	48.29387	-	16.84	0.01834	0.0
-129.12346	48.29371	-	16.86	0.01834	0.0
-129.12346	48.29354	-	16.88	0.01834	0.0
-129.12346	48.29338	-	16.89	0.01834	0.0
-129.12346	48.29321	-	16.91	0.01834	0.0
-129.12346	48.29305	-	16.93	0.01834	0.0
-129.12346	48.29288	-	16.95	0.01834	0.0
-129.12346	48.29272	-	16.97	0.01834	0.0
-129.12346	48.29255	-	16.99	0.01834	0.0
-129.12346	48.29239	-	17.00	0.01834	0.0
-129.12346	48.29222	-	17.02	0.01834	0.0
-129.12346	48.29206	-	17.04	0.01834	0.0
-129.12346	48.29189	-	17.06	0.01834	0.0
-129.12346	48.29173	-	17.08	0.01834	0.0
-129.12346	48.29156	-	17.10	0.01834	0.0
-129.12346	48.29140	-	17.11	0.01834	0.0
-129.12346	48.29123	-	17.13	0.01834	0.0
-129.12346	48.29107	-	17.15	0.01834	0.0
-129.12346	48.29090	-	17.17	0.01834	0.0
-129.12346	48.29074	-	17.19	0.01834	0.0
-129.12346	48.29057	-	17.21	0.01834	0.0
-129.12346	48.29041	-	17.22	0.01834	0.0
-129.12346	48.29024	-	17.24	0.01834	0.0
-129.12346	48.29008	-	17.26	0.01834	0.0
-129.12346	48.28991	-	17.28	0.01833	0.0
-129.12346	48.28975	-	17.30	0.01834	0.0
-129.12346	48.28958	-	17.32	0.01834	0.0
-129.12346	48.28942	-	17.33	0.01834	0.0
-129.12346	48.28926	-	17.35	0.01834	0.0
-129.12346	48.28909	-	17.37	0.01834	0.0
-129.12346	48.28893	-	17.39	0.01834	0.0
-129.12346	48.28876	-	17.41	0.01834	0.0
-129.12346	48.28860	-	17.43	0.01834	0.0
-129.12346	48.28843	-	17.44	0.01834	0.0
-129.12346	48.28827	-	17.46	0.01834	0.0
-129.12346	48.28810	-	17.48	0.01834	0.0
-129.12346	48.28794	-	17.50	0.01834	0.0
-129.12346	48.28777	-	17.52	0.01834	0.0
-129.12346	48.28761	-	17.54	0.01834	0.0
-129.12346	48.28744	-	17.55	0.01834	0.0
-129.12346	48.28728	-	17.57	0.01834	0.0
-129.12346	48.28711	-	17.59	0.01834	0.0
-129.12346	48.28695	-	17.61	0.01834	0.0
-129.12346	48.28678	-	17.63	0.01834	0.0
-129.12346	48.28662	-	17.65	0.01834	0.0
-129.12346	48.28645	-	17.66	0.01834	0.0
-129.12346	48.28629	-	17.68	0.01834	0.0
-129.12346	48.28612	-	17.70	0.01834	0.0
-129.12346	48.28596	-	17.72	0.01834	0.0
-129.12346	48.28579	-	17.74	0.01834	0.0
-129.12346	48.28563	-	17.76	0.01834	0.0
-129.12346	48.28546	-	17.77	0.01834	0.0
-129.12346	48.28530	-	17.79	0.01834	0.0
-129.12346	48.28513	-	17.81	0.01834	0.0
-129.12346	48.28497	-	17.83	0.01834	0.0
-129.12346	48.28480	-	17.85	0.01834	0.0
-129.12346	48.28464	-	17.87	0.01834	0.0
-129.12346	48.28447	-	17.88	0.01834	0.0
-129.12346	48.28431	-	17.90	0.01834	0.0
-129.12346	48.28414	-	17.92	0.01834	0.0
-129.12346	48.28398	-	17.94	0.01834	0.0
-129.12346	48.28381	-	17.96	0.01834	0.0
-129.12346	48.28365	-	17.98	0.01834	0.0
-129.12346	48.28348	-	17.99	0.01834	0.0
-129.12346	48.28332	-	18.01	0.01834	0.0
-129.12346	48.28315	-	18.03	0.01834	0.0
-129.12346	48.28299	-	18.05	0.01834	0.0
-129.12346	48.28282	-	18.07	0.01834	0.0
-129.12346	48.28266	-	18.09	0.01834	0.0
-129.12346	48.28249	-	18.10	0.01834	0.0
-129.12346	48.28233	-	18.12	0.01834	0.0
-129.12346	48.28216	-	18.14	0.01834	0.0
-129.12346	48.28200	-	18.16	0.01834	0.0
-129.12346	48.28183	-	18.18	0.01834	0.0
-129.12346	48.28167	-	18.20	0.01834	0.0
-129.12346	48.28151	-	18.21	0.01834	0.0
-129.12346	48.28134	-	18.23	0.01834	0.0
-129.12346	48.28118	-	18.25	0.01834	0.0
-129.12346	48.28101	-	18.27	0.01834	0.0
-129.12346	48.28085	-	18.29	0.01834	0.0
-129.12346	48.28068	-	18.31	0.01834	0.0
-129.12346	48.28052	-	18.32	0.01834	0.0
-129.12346	48.28035	-	18.34	0.01834	0.0
-129.12346	48.28019	-	18.36	0.01834	0.0
-129.12346	48.28002	-	18.38	0.01834	0.0
-129.12346	48.27986	-	18.40	0.01834	0.0
-129.12347	48.27956	-	18.43	0.03278	0.0
-129.12349	48.27927	-	18.46	0.03278	0.0
-129.12351	48.27897	-	18.50	0.03278	0.0
-129.12353	48.27868	-	18.53	0.03278	0.0
-129.12354	48.27838	-	18.56	0.03278	0.0
-129.12356	48.27809	-	18.59	0.03278	0.0
-129.12358	48.27779	-	18.63	0.03278	0.0
-129.12360	48.27750	-	18.66	0.03278	0.0
-129.12362	48.27720	-	18.69	0.03278	0.0
-129.12363	48.27691	-	18.73	0.03278	0.0
-129.12365	48.27662	-	18.76	0.03278	0.0
-129.12367	48.27632	-	18.79	0.03278	0.0
-129.12369	48.27603	-	18.82	0.03278	0.0
-129.12370	48.27573	-	18.86	0.03278	0.0
-129.12372	48.27544	-	18.89	0.03278	0.0
-129.12374	48.27514	-	18.92	0.03278	0.0
-129.12376	48.27485	-	18.95	0.03278	0.0
-129.12377	48.27455	-	18.99	0.03278	0.0
-129.12379	48.27426	-	19.02	0.03278	0.0
-129.12381	48.27396	-	19.05	0.03278	0.0
-129.12383	48.27367	-	19.09	0.03278	0.0
-129.12385	48.27338	-	19.12	0.03278	0.0
-129.12386	48.27308	-	19.15	0.03278	0.0
-129.12388	48.27279	-	19.18	0.03278	0.0
-129.12390	48.27249	-	19.22	0.03278	0.0
-129.12392	48.27220	-	19.25	0.03278	0.0
-129.12393	48.27190	-	19.28	0.03278	0.0
-129.12395	48.27161	-	19.32	0.03278	0.0
-129.12397	48.27131	-	19.35	0.03278	0.0
-129.12399	48.27102	-	19.38	0.03278	0.0
-129.12400	48.27072	-	19.41	0.03278	0.0
-129.12402	48.27043	-	19.45	0.03278	0.0
-129.12404	48.27013	-	19.48	0.03278	0.0
-129.12406	48.26984	-	19.51	0.03278	0.0
-129.12408	48.26955	-	19.54	0.03278	0.0
-129.12409	48.26925	-	19.58	0.03278	0.0
-129.12411	48.26896	-	19.61	0.03278	0.0
-129.12413	48.26866	-	19.64	0.03278	0.0
-129.12415	48.26837	-	19.68	0.03278	0.0
-129.12416	48.26807	-	19.71	0.03278	0.0
-129.12418	48.26778	-	19.74	0.03278	0.0
-129.12420	48.26748	-	19.77	0.03278	0.0
-129.12422	48.26719	-	19.81	0.03278	0.0
-129.12423	48.26689	-	19.84	0.03278	0.0
-129.12425	48.26660	-	19.87	0.03278	0.0
-129.12427	48.26631	-	19.91	0.03278	0.0
-129.12429	48.26601	-	19.94	0.03278	0.0
-129.12431	48.26572	-	19.97	0.03278	0.0
-129.12432	48.26542	-	20.00	0.03278	0.0
-129.12434	48.26513	-	20.04	0.03278	0.0
-129.12436	48.26483	-	20.07	0.03278	0.0
-129.12438	48.26454	-	20.10	0.03278	0.0
-129.12439	48.26424	-	20.13	0.03278	0.0
-129.12441	48.26395	-	20.17	0.03278	0.0
-129.12443	48.26365	-	20.20	0.03278	0.0
-129.12445	48.26336	-	20.23	0.03278	0.0
-129.12446	48.26306	-	20.27	0.03278	0.0
-129.12448	48.26277	-	20.30	0.03278	0.0
-129.12450	48.26248	-	20.33	0.03278	0.0
-129.12452	48.26218	-	20.36	0.03278	0.0
-129.12454	48.26189	-	20.40	0.03278	0.0
-129.12455	48.26159	-	20.43	0.03278	0.0
-129.12457	48.26130	-	20.46	0.03278	0.0
-129.12459	48.26100	-	20.50	0.03278	0.0
-129.12461	48.26071	-	20.53	0.03278	0.0
-129.12462	48.26041	-	20.56	0.03278	0.0
-129.12464	48.26012	-	20.59	0.03278	0.0
-129.12466	48.25982	-	20.63	0.03278	0.0
-129.12468	48.25953	-	20.66	0.03278	0.0
-129.12469	48.25924	-	20.69	0.03278	0.0
-129.12471	48.25894	-	20.73	0.03278	0.0
-129.12473	48.25865	-	20.76	0.03278	0.0
-129.12475	48.25835	-	20.79	0.03278	0.0
-129.12477	48.25806	-	20.82	0.03278	0.0
-129.12478	48.25776	-	20.86	0.03278	0.0
-129.12480	48.25747	-	20.89	0.03278	0.0
-129.12482	48.25717	-	20.92	0.03278	0.0
-129.12484	48.25688	-	20.95	0.03278	0.0
-129.12485	48.25658	-	20.99	0.03278	0.0
-129.12487	48.25629	-	21.02	0.03278	0.0
-129.12489	48.25599	-	21.05	0.03278	0.0
-129.12491	48.25570	-	21.09	0.03278	0.0
-129.12492	48.25541	-	21.12	0.03278	0.0
-129.12494	48.25511	-	21.15	0.03278	0.0
-129.12496	48.25482	-	21.18	0.03278	0.0
-129.12498	48.25452	-	21.22	0.03278	0.0
-129.12500	48.25423	-	21.25	0.03278	0.0
-129.12501	48.25393	-	21.28	0.03278	0.0
-129.12503	48.25364	-	21.32	0.03278	0.0
-129.12505	48.25334	-	21.35	0.03278	0.0
-129.12507	48.25305	-	21.38	0.03278	0.0
-129.12508	48.25275	-	21.41	0.03278	0.0
-129.12510	48.25246	-	21.45	0.03278	0.0
-129.12512	48.25217	-	21.48	0.03278	0.0
-129.12514	48.25187	-	21.51	0.03278	0.0
-129.12515	48.25158	-	21.54	0.03278	0.0
-129.12517	48.25128	-	21.58	0.03278	0.0
-129.12519	48.25099	-	21.61	0.03278	0.0
-129.12521	48.25069	-	21.64	0.03278	0.0
-129.12523	48.25054	-	21.66	0.01695	0.0
-129.12525	48.25039	-	21.68	0.01695	0.0
-129.12528	48.25024	-	21.69	0.01695	0.0
-129.12530	48.25009	-	21.71	0.01695	0.0
-129.12533	48.24993	-	21.73	0.01695	0.0
-129.12535	48.24978	-	21.74	0.01695	0.0
-129.12537	48.24963	-	21.76	0.01695	0.0
-129.12540	48.24948	-	21.78	0.01695	0.0
-129.12542	48.24933	-	21.80	0.01695	0.0
-129.12544	48.24918	-	21.81	0.01695	0.0
-129.12547	48.24902	-	21.83	0.01695	0.0
-129.12549	48.24887	-	21.85	0.01695	0.0
-129.12551	48.24872	-	21.86	0.01695	0.0
-129.12554	48.24857	-	21.88	0.01695	0.0
-129.12556	48.24842	-	21.90	0.01695	0.0
-129.12558	48.24827	-	21.91	0.01695	0.0
-129.12561	48.24811	-	21.93	0.01695	0.0
-129.12563	48.24796	-	21.95	0.01695	0.0
-129.12565	48.24781	-	21.97	0.01695	0.0
-129.12568	48.24766	-	21.98	0.01695	0.0
-129.12570	48.24751	-	22.00	0.01695	0.0
-129.12572	48.24736	-	22.02	0.01695	0.0
-129.12575	48.24720	-	22.03	0.01695	0.0
-129.12577	48.24705	-	22.05	0.01695	0.0
-129.12579	48.24690	-	22.07	0.01695	0.0
-129.12582	48.24675	-	22.08	0.01695	0.0
-129.12584	48.24660	-	22.10	0.01695	0.0
-129.12586	48.24645	-	22.12	0.01695	0.0
-129.12589	48.24629	-	22.13	0.01695	0.0
-129.12591	48.24614	-	22.15	0.01695	0.0
-129.12593	48.24599	-	22.17	0.01695	0.0
-129.12596	48.24584	-	22.19	0.01695	0.0
-129.12598	48.24569	-	22.20	0.01695	0.0
-129.12600	48.24554	-	22.22	0.01695	0.0
-129.12603	48.24538	-	22.24	0.01695	0.0
-129.12605	48.24523	-	22.25	0.01695	0.0
-129.12608	48.24508	-	22.27	0.01695	0.0
-129.12610	48.24493	-	22.29	0.01695	0.0
-129.12612	48.24478	-	22.30	0.01695	0.0
-129.12615	48.24463	-	22.32	0.01695	0.0
-129.12617	48.24447	-	22.34	0.01695	0.0
-129.12619	48.24432	-	22.35	0.01695	0.0
-129.12622	48.24417	-	22.37	0.01695	0.0
-129.12624	48.24402	-	22.39	0.01695	0.0
-129.12626	48.24387	-	22.41	0.01695	0.0
-129.12629	48.24372	-	22.42	0.01695	0.0
-129.12631	48.24356	-	22.44	0.01695	0.0
-129.12633	48.24341	-	22.46	0.01695	0.0
-129.12636	48.24326	-	22.47	0.01695	0.0
-129.12638	48.24311	-	22.49	0.01695	0.0
-129.12640	48.24296	-	22.51	0.01695	0.0
-129.12643	48.24281	-	22.52	0.01695	0.0
-129.12645	48.24265	-	22.54	0.01695	0.0
-129.12647	48.24250	-	22.56	0.01695	0.0
-129.12650	48.24235	-	22.58	0.01695	0.0
-129.12652	48.24220	-	22.59	0.01695	0.0
-129.12654	48.24205	-	22.61	0.01695	0.0
-129.12657	48.24190	-	22.63	0.01695	0.0
-129.12659	48.24174	-	22.64	0.01695	0.0
-129.12661	48.24159	-	22.66	0.01695	0.0
-129.12664	48.24144	-	22.68	0.01695	0.0
-129.12666	48.24129	-	22.69	0.01695	0.0
-129.12668	48.24114	-	22.71	0.01695	0.0
-129.12671	48.24099	-	22.73	0.01695	0.0
-129.12673	48.24083	-	22.74	0.01695	0.0
-129.12675	48.24068	-	22.76	0.01695	0.0
-129.12678	48.24053	-	22.78	0.01695	0.0
-129.12680	48.24038	-	22.80	0.01695	0.0
-129.12682	48.24023	-	22.81	0.01695	0.0
-129.12685	48.24008	-	22.83	0.01695	0.0
-129.12687	48.23992	-	22.85	0.01695	0.0
-129.12690	48.23977	-	22.86	0.01695	0.0
-129.12692	48.23962	-	22.88	0.01695	0.0
-129.12694	48.23947	-	22.90	0.01695	0.0
-129.12697	48.23932	-	22.91	0.01695	0.0
-129.12699	48.23917	-	22.93	0.01695	0.0
-129.12701	48.23901	-	22.95	0.01695	0.0
-129.12704	48.23886	-	22.97	0.01695	0.0
-129.12706	48.23871	-	22.98	0.01695	0.0
-129.12708	48.23856	-	23.00	0.01695	0.0
-129.12711	48.23841	-	23.02	0.01695	0.0
-129.12713	48.23826	-	23.03	0.01695	0.0
-129.12715	48.23810	-	23.05	0.01695	0.0
-129.12718	48.23795	-	23.07	0.01695	0.0
-129.12720	48.23780	-	23.08	0.01695	0.0
-129.12722	48.23765	-	23.10	0.01695	0.0
-129.12725	48.23750	-	23.12	0.01695	0.0
-129.12727	48.23735	-	23.13	0.01695	0.0
-129.12729	48.23719	-	23.15	0.01695	0.0
-129.12732	48.23704	-	23.17	0.01695	0.0
-129.12734	48.23689	-	23.19	0.01695	0.0
-129.12736	48.23674	-	23.20	0.01695	0.0
-129.12739	48.23659	-	23.22	0.01695	0.0
-129.12741	48.23644	-	23.24	0.01695	0.0
-129.12743	48.23628	-	23.25	0.01695	0.0
-129.12746	48.23613	-	23.27	0.01695	0.0
-129.12748	48.23598	-	23.29	0.01695	0.0
-129.12750	48.23583	-	23.30	0.01695	0.0
-129.12753	48.23568	-	23.32	0.01695	0.0
-129.12753	48.23555	-	23.34	0.01425	0.0
-129.12754	48.23542	-	23.35	0.01425	0.0
-129.12755	48.23529	-	23.36	0.01425	0.0
-129.12756	48.23517	-	23.38	0.01425	0.0
-129.12756	48.23504	-	23.39	0.01425	0.0
-129.12757	48.23491	-	23.41	0.01425	0.0
-129.12758	48.23478	-	23.42	0.01425	0.0
-129.12759	48.23465	-	23.44	0.01425	0.0
-129.12759	48.23453	-	23.45	0.01425	0.0
-129.12760	48.23440	-	23.46	0.01425	0.0
-129.12761	48.23427	-	23.48	0.01425	0.0
-129.12762	48.23414	-	23.49	0.01425	0.0
-129.12762	48.23401	-	23.51	0.01425	0.0
-129.12763	48.23389	-	23.52	0.01425	0.0
-129.12764	48.23376	-	23.53	0.01425	0.0
-129.12765	48.23363	-	23.55	0.01425	0.0
-129.12765	48.23350	-	23.56	0.01425	0.0
-129.12766	48.23337	-	23.58	0.01425	0.0
-129.12767	48.23325	-	23.59	0.01425	0.0
-129.12768	48.23312	-	23.61	0.01425	0.0
-129.12768	48.23299	-	23.62	0.01425	0.0
-129.12769	48.23286	-	23.63	0.01425	0.0
-129.12770	48.23273	-	23.65	0.01425	0.0
-129.12770	48.23261	-	23.66	0.01425	0.0
-129.12771	48.23248	-	23.68	0.01425	0.0
-129.12772	48.23235	-	23.69	0.01425	0.0
-129.12773	48.23222	-	23.71	0.01425	0.0
-129.12773	48.23209	-	23.72	0.01425	0.0
-129.12774	48.23197	-	23.73	0.01425	0.0
-129.12775	48.23184	-	23.75	0.01425	0.0
-129.12776	48.23171	-	23.76	0.01425	0.0
-129.12776	48.23158	-	23.78	0.01425	0.0
-129.12777	48.23145	-	23.79	0.01425	0.0
-129.12778	48.23132	-	23.81	0.01425	0.0
-129.12779	48.23120	-	23.82	0.01425	0.0
-129.12779	48.23107	-	23.83	0.01425	0.0
-129.12780	48.23094	-	23.85	0.01425	0.0
-129.12781	48.23081	-	23.86	0.01425	0.0
-129.12782	48.23068	-	23.88	0.01425	0.0
-129.12782	48.23056	-	23.89	0.01425	0.0
-129.12783	48.23043	-	23.91	0.01425	0.0
-129.12784	48.23030	-	23.92	0.01425	0.0
-129.12785	48.23017	-	23.93	0.01425	0.0
-129.12785	48.23004	-	23.95	0.01425	0.0
-129.12786	48.22992	-	23.96	0.01425	0.0
-129.12787	48.22979	-	23.98	0.01425	0.0
-129.12787	48.22966	-	23.99	0.01425	0.0
-129.12788	48.22953	-	24.01	0.01425	0.0
-129.12789	48.22940	-	24.02	0.01425	0.0
-129.12790	48.22928	-	24.03	0.01425	0.0
-129.12790	48.22915	-	24.05	0.01425	0.0
-129.12791	48.22902	-	24.06	0.01425	0.0
-129.12792	48.22889	-	24.08	0.01425	0.0
-129.12793	48.22876	-	24.09	0.01425	0.0
-129.12793	48.22864	-	24.10	0.01425	0.0
-129.12794	48.22851	-	24.12	0.01425	0.0
-129.12795	48.22838	-	24.13	0.01425	0.0
-129.12796	48.22825	-	24.15	0.01425	0.0
-129.12796	48.22812	-	24.16	0.01425	0.0
-129.12797	48.22800	-	24.18	0.01425	0.0
-129.12798	48.22787	-	24.19	0.01425	0.0
-129.12799	48.22774	-	24.20	0.01425	0.0
-129.12799	48.22761	-	24.22	0.01425	0.0
-129.12800	48.22748	-	24.23	0.01425	0.0
-129.12801	48.22736	-	24.25	0.01425	0.0
-129.12802	48.22723	-	24.26	0.01425	0.0
-129.12802	48.22710	-	24.28	0.01425	0.0
-129.12803	48.22697	-	24.29	0.01425	0.0
-129.12804	48.22684	-	24.30	0.01425	0.0
-129.12804	48.22672	-	24.32	0.01425	0.0
-129.12805	48.22659	-	24.33	0.01425	0.0
-129.12806	48.22646	-	24.35	0.01425	0.0
-129.12807	48.22633	-	24.36	0.01425	0.0
-129.12807	48.22620	-	24.38	0.01425	0.0
-129.12808	48.22608	-	24.39	0.01425	0.0
-129.12809	48.22595	-	24.40	0.01425	0.0
-129.12810	48.22582	-	24.42	0.01425	0.0
-129.12810	48.22569	-	24.43	0.01425	0.0
-129.12811	48.22556	-	24.45	0.01425	0.0
-129.12812	48.22543	-	24.46	0.01425	0.0
-129.12813	48.22531	-	24.48	0.01425	0.0
-129.12813	48.22518	-	24.49	0.01425	0.0
-129.12814	48.22505	-	24.50	0.01425	0.0
-129.12815	48.22492	-	24.52	0.01425	0.0
-129.12816	48.22479	-	24.53	0.01425	0.0
-129.12816	48.22467	-	24.55	0.01425	0.0
-129.12817	48.22454	-	24.56	0.01425	0.0
-129.12818	48.22441	-	24.58	0.01425	0.0
-129.12819	48.22428	-	24.59	0.01425	0.0
-129.12819	48.22415	-	24.60	0.01425	0.0
-129.12820	48.22403	-	24.62	0.01425	0.0
-129.12821	48.22390	-	24.63	0.01425	0.0
-129.12821	48.22377	-	24.65	0.01425	0.0
-129.12822	48.22364	-	24.66	0.01425	0.0
-129.12823	48.22351	-	24.67	0.01425	0.0
-129.12824	48.22339	-	24.69	0.01425	0.0
-129.12824	48.22326	-	24.70	0.01425	0.0
-129.12825	48.22313	-	24.72	0.01425	0.0
-129.12826	48.22300	-	24.73	0.01425	0.0
-129.12827	48.22290	-	24.74	0.01151	0.0
-129.12827	48.22280	-	24.75	0.01151	0.0
-129.12828	48.22269	-	24.77	0.01152	0.0
-129.12829	48.22259	-	24.78	0.01152	0.0
-129.12830	48.22248	-	24.79	0.01152	0.0
-129.12830	48.22238	-	24.80	0.01152	0.0
-129.12831	48.22228	-	24.81	0.01152	0.0
-129.12832	48.22217	-	24.82	0.01152	0.0
-129.12833	48.22207	-	24.84	0.01152	0.0
-129.12833	48.22197	-	24.85	0.01151	0.0
-129.12834	48.22186	-	24.86	0.01151	0.0
-129.12835	48.22176	-	24.87	0.01151	0.0
-129.12836	48.22166	-	24.88	0.01152	0.0
-129.12836	48.22155	-	24.89	0.01151	0.0
-129.12837	48.22145	-	24.90	0.01151	0.0
-129.12838	48.22135	-	24.92	0.01151	0.0
-129.12839	48.22124	-	24.93	0.01151	0.0
-129.12839	48.22114	-	24.94	0.01152	0.0
-129.12840	48.22104	-	24.95	0.01152	0.0
-129.12841	48.22093	-	24.96	0.01151	0.0
-129.12841	48.22083	-	24.97	0.01151	0.0
-129.12842	48.22073	-	24.99	0.01152	0.0
-129.12843	48.22062	-	25.00	0.01152	0.0
-129.12844	48.22052	-	25.01	0.01152	0.0
-129.12844	48.22042	-	25.02	0.01152	0.0
-129.12845	48.22031	-	25.03	0.01152	0.0
-129.12846	48.22021	-	25.04	0.01152	0.0
-129.12847	48.22011	-	25.05	0.01152	0.0
-129.12847	48.22000	-	25.07	0.01151	0.0
-129.12848	48.21990	-	25.08	0.01151	0.0
-129.12849	48.21980	-	25.09	0.01152	0.0
-129.12850	48.21969	-	25.10	0.01152	0.0
-129.12850	48.21959	-	25.11	0.01152	0.0
-129.12851	48.21948	-	25.12	0.01152	0.0
-129.12852	48.21938	-	25.13	0.01151	0.0
-129.12853	48.21928	-	25.15	0.01151	0.0
-129.12853	48.21917	-	25.16	0.01152	0.0
-129.12854	48.21907	-	25.17	0.01152	0.0
-129.12855	48.21897	-	25.18	0.01152	0.0
-129.12856	48.21886	-	25.19	0.01151	0.0
-129.12856	48.21876	-	25.20	0.01152	0.0
-129.12857	48.21866	-	25.22	0.01152	0.0
-129.12858	48.21855	-	25.23	0.01151	0.0
-129.12858	48.21845	-	25.24	0.01152	0.0
-129.12859	48.21835	-	25.25	0.01152	0.0
-129.12860	48.21824	-	25.26	0.01151	0.0
-129.12861	48.21814	-	25.27	0.01152	0.0
-129.12861	48.21804	-	25.28	0.01152	0.0
-129.12862	48.21793	-	25.30	0.01152	0.0
-129.12863	48.21783	-	25.31	0.01152	0.0
-129.12864	48.21773	-	25.32	0.01152	0.0
-129.12864	48.21762	-	25.33	0.01151	0.0
-129.12865	48.21752	-	25.34	0.01152	0.0
-129.12866	48.21742	-	25.35	0.01152	0.0
-129.12867	48.21731	-	25.37	0.01152	0.0
-129.12867	48.21721	-	25.38	0.01152	0.0
-129.12868	48.21711	-	25.39	0.01152	0.0
-129.12869	48.21700	-	25.40	0.01151	0.0
-129.12870	48.21690	-	25.41	0.01151	0.0
-129.12870	48.21680	-	25.42	0.01152	0.0
-129.12871	48.21669	-	25.43	0.01151	0.0
-129.12872	48.21659	-	25.45	0.01151	0.0
-129.12873	48.21649	-	25.46	0.01152	0.0
-129.12873	48.21638	-	25.47	0.01152	0.0
-129.12874	48.21628	-	25.48	0.01152	0.0
-129.12875	48.21617	-	25.49	0.01152	0.0
-129.12875	48.21607	-	25.50	0.01152	0.0
-129.12876	48.21597	-	25.51	0.01152	0.0
-129.12877	48.21586	-	25.53	0.01152	0.0
-129.12878	48.21576	-	25.54	0.01152	0.0
-129.12878	48.21566	-	25.55	0.01152	0.0
-129.12879	48.21555	-	25.56	0.01151	0.0
-129.12880	48.21545	-	25.57	0.01151	0.0
-129.12881	48.21535	-	25.58	0.01152	0.0
-129.12881	48.21524	-	25.60	0.01151	0.0
-129.12882	48.21514	-	25.61	0.01151	0.0
-129.12883	48.21504	-	25.62	0.01152	0.0
-129.12884	48.21493	-	25.63	0.01151	0.0
-129.12884	48.21483	-	25.64	0.01151	0.0
-129.12885	48.21473	-	25.65	0.01152	0.0
-129.12886	48.21462	-	25.66	0.01152	0.0
-129.12887	48.21452	-	25.68	0.01152	0.0
-129.12887	48.21442	-	25.69	0.01151	0.0
-129.12888	48.21431	-	25.70	0.01152	0.0
-129.12889	48.21421	-	25.71	0.01152	0.0
-129.12890	48.21411	-	25.72	0.01152	0.0
-129.12890	48.21400	-	25.73	0.01152	0.0
-129.12891	48.21390	-	25.75	0.01152	0.0
-129.12892	48.21380	-	25.76	0.01151	0.0
-129.12892	48.21369	-	25.77	0.01151	0.0
-129.12893	48.21359	-	25.78	0.01152	0.0
-129.12894	48.21349	-	25.79	0.01152	0.0
-129.12895	48.21338	-	25.80	0.01152	0.0
-129.12895	48.21328	-	25.81	0.01152	0.0
-129.12896	48.21317	-	25.83	0.01152	0.0
-129.12897	48.21307	-	25.84	0.01151	0.0
-129.12898	48.21297	-	25.85	0.01151	0.0
-129.12898	48.21286	-	25.86	0.01152	0.0
-129.12899	48.21276	-	25.87	0.01152	0.0
-129.12901	48.21266	-	25.88	0.01156	0.0
-129.12902	48.21255	-	25.89	0.01156	0.0
-129.12904	48.21245	-	25.91	0.01156	0.0
-129.12905	48.21235	-	25.92	0.01156	0.0
-129.12907	48.21224	-	25.93	0.01156	0.0
-129.12908	48.21214	-	25.94	0.01156	0.0
-129.12909	48.21204	-	25.95	0.01156	0.0
-129.12911	48.21193	-	25.96	0.01156	0.0
-129.12912	48.21183	-	25.98	0.01156	0.0
-129.12914	48.21173	-	25.99	0.01156	0.0
-129.12915	48.21162	-	26.00	0.01156	0.0
-129.12917	48.21152	-	26.01	0.01156	0.0
-129.12918	48.21142	-	26.02	0.01156	0.0
-129.12920	48.21131	-	26.03	0.01156	0.0
-129.12921	48.21121	-	26.05	0.01156	0.0
-129.12923	48.21111	-	26.06	0.01156	0.0
-129.12924	48.21100	-	26.07	0.01156	0.0
-129.12926	48.21090	-	26.08	0.01156	0.0
-129.12927	48.21080	-	26.09	0.01156	0.0
-129.12929	48.21069	-	26.10	0.01156	0.0
-129.12930	48.21059	-	26.11	0.01156	0.0
-129.12932	48.21048	-	26.13	0.01156	0.0
-129.12933	48.21038	-	26.14	0.01156	0.0
-129.12935	48.21028	-	26.15	0.01156	0.0
-129.12936	48.21017	-	26.16	0.01156	0.0
-129.12938	48.21007	-	26.17	0.01156	0.0
-129.12939	48.20997	-	26.18	0.01156	0.0
-129.12941	48.20986	-	26.20	0.01156	0.0
-129.12942	48.20976	-	26.21	0.01156	0.0
-129.12943	48.20966	-	26.22	0.01156	0.0
-129.12945	48.20955	-	26.23	0.01156	0.0
-129.12946	48.20945	-	26.24	0.01156	0.0
-129.12948	48.20935	-	26.25	0.01156	0.0
-129.12949	48.20924	-	26.26	0.01156	0.0
-129.12951	48.20914	-	26.28	0.01156	0.0
-129.12952	48.20904	-	26.29	0.01156	0.0
-129.12954	48.20893	-	26.30	0.01156	0.0
-129.12955	48.20883	-	26.31	0.01156	0.0
-129.12957	48.20873	-	26.32	0.01156	0.0
-129.12958	48.20862	-	26.33	0.01156	0.0
-129.12960	48.20852	-	26.35	0.01156	0.0
-129.12961	48.20842	-	26.36	0.01156	0.0
-129.12963	48.20831	-	26.37	0.01156	0.0
-129.12964	48.20821	-	26.38	0.01156	0.0
-129.12966	48.20811	-	26.39	0.01156	0.0
-129.12967	48.20800	-	26.40	0.01156	0.0
-129.12969	48.20790	-	26.41	0.01156	0.0
-129.12970	48.20779	-	26.43	0.01156	0.0
-129.12972	48.20769	-	26.44	0.01156	0.0
-129.12973	48.20759	-	26.45	0.01156	0.0
-129.12975	48.20748	-	26.46	0.01156	0.0
-129.12976	48.20738	-	26.47	0.01156	0.0
-129.12977	48.20728	-	26.48	0.01156	0.0
-129.12979	48.20717	-	26.50	0.01156	0.0
-129.12980	48.20707	-	26.51	0.01156	0.0
-129.12982	48.20697	-	26.52	0.01156	0.0
-129.12983	48.20686	-	26.53	0.01156	0.0
-129.12985	48.20676	-	26.54	0.01156	0.0
-129.12986	48.20666	-	26.55	0.01156	0.0
-129.12988	48.20655	-	26.57	0.01156	0.0
-129.12989	48.20645	-	26.58	0.01156	0.0
-129.12991	48.20635	-	26.59	0.01156	0.0
-129.12992	48.20624	-	26.60	0.01156	0.0
-129.12994	48.20614	-	26.61	0.01156	0.0
-129.12995	48.20604	-	26.62	0.01156	0.0
-129.12997	48.20593	-	26.63	0.01156	0.0
-129.12998	48.20583	-	26.65	0.01156	0.0
-129.13000	48.20573	-	26.66	0.01156	0.0
-129.13001	48.20562	-	26.67	0.01156	0.0
-129.13003	48.20552	-	26.68	0.01156	0.0
-129.13004	48.20542	-	26.69	0.01156	0.0
-129.13006	48.20531	-	26.70	0.01156	0.0
-129.13007	48.20521	-	26.72	0.01156	0.0
-129.13009	48.20510	-	26.73	0.01156	0.0
-129.13010	48.20500	-	26.74	0.01156	0.0
-129.13011	48.20490	-	26.75	0.01156	0.0
-129.13013	48.20479	-	26.76	0.01156	0.0
-129.13014	48.20469	-	26.77	0.01156	0.0
-129.13016	48.20459	-	26.78	0.01156	0.0
-129.13017	48.20448	-	26.80	0.01156	0.0
-129.13019	48.20438	-	26.81	0.01156	0.0
-129.13020	48.20428	-	26.82	0.01156	0.0
-129.13022	48.20417	-	26.83	0.01156	0.0
-129.13023	48.20407	-	26.84	0.01156	0.0
-129.13025	48.20397	-	26.85	0.01156	0.0
-129.13026	48.20386	-	26.87	0.01156	0.0
-129.13028	48.20376	-	26.88	0.01156	0.0
-129.13029	48.20366	-	26.89	0.01156	0.0
-129.13031	48.20355	-	26.90	0.01156	0.0
-129.13032	48.20345	-	26.91	0.01156	0.0
-129.13034	48.20335	-	26.92	0.01156	0.0
-129.13035	48.20324	-	26.94	0.01156	0.0
-129.13037	48.20314	-	26.95	0.01156	0.0
-129.13038	48.20304	-	26.96	0.01156	0.0
-129.13040	48.20293	-	26.97	0.01156	0.0
-129.13041	48.20283	-	26.98	0.01156	0.0
-129.13043	48.20273	-	26.99	0.01156	0.0
-129.13044	48.20262	-	27.00	0.01156	0.0
-129.13046	48.20252	-	27.02	0.01156	0.0
-129.13046	48.20241	-	27.03	0.01205	0.0
-129.13046	48.20230	-	27.04	0.01206	0.0
-129.13046	48.20219	-	27.05	0.01205	0.0
-129.13046	48.20208	-	27.06	0.01205	0.0
-129.13046	48.20198	-	27.08	0.01206	0.0
-129.13046	48.20187	-	27.09	0.01205	0.0
-129.13046	48.20176	-	27.10	0.01205	0.0
-129.13046	48.20165	-	27.11	0.01205	0.0
-129.13046	48.20154	-	27.12	0.01205	0.0
-129.13046	48.20143	-	27.14	0.01205	0.0
-129.13046	48.20133	-	27.15	0.01205	0.0
-129.13046	48.20122	-	27.16	0.01205	0.0
-129.13046	48.20111	-	27.17	0.01205	0.0
-129.13046	48.20100	-	27.18	0.01205	0.0
-129.13046	48.20089	-	27.20	0.01205	0.0
-129.13046	48.20078	-	27.21	0.01205	0.0
-129.13046	48.20068	-	27.22	0.01205	0.0
-129.13046	48.20057	-	27.23	0.01206	0.0
-129.13046	48.20046	-	27.24	0.01205	0.0
-129.13046	48.20035	-	27.26	0.01205	0.0
-129.13046	48.20024	-	27.27	0.01205	0.0
-129.13046	48.20013	-	27.28	0.01206	0.0
-129.13046	48.20002	-	27.29	0.01206	0.0
-129.13046	48.19992	-	27.31	0.01206	0.0
-129.13046	48.19981	-	27.32	0.01205	0.0
-129.13046	48.19970	-	27.33	0.01206	0.0
-129.13046	48.19959	-	27.34	0.01205	0.0
-129.13046	48.19948	-	27.35	0.01205	0.0
-129.13046	48.19937	-	27.37	0.01205	0.0
-129.13046	48.19927	-	27.38	0.01206	0.0
-129.13046	48.19916	-	27.39	0.01205	0.0
-129.13046	48.19905	-	27.40	0.01205	0.0
-129.13046	48.19894	-	27.41	0.01205	0.0
-129.13046	48.19883	-	27.43	0.01205	0.0
-129.13046	48.19872	-	27.44	0.01205	0.0
-129.13046	48.19862	-	27.45	0.01206	0.0
-129.13046	48.19851	-	27.46	0.01206	0.0
-129.13046	48.19840	-	27.47	0.01205	0.0
-129.13046	48.19829	-	27.49	0.01205	0.0
-129.13046	48.19818	-	27.50	0.01205	0.0
-129.13046	48.19807	-	27.51	0.01205	0.0
-129.13046	48.19796	-	27.52	0.01206	0.0
-129.13046	48.19786	-	27.53	0.01206	0.0
-129.13046	48.19775	-	27.55	0.01205	0.0
-129.13046	48.19764	-	27.56	0.01205	0.0
-129.13046	48.19753	-	27.57	0.01206	0.0
-129.13046	48.19742	-	27.58	0.01206	0.0
-129.13046	48.19731	-	27.59	0.01205	0.0
-129.13046	48.19721	-	27.61	0.01206	0.0
-129.13046	48.19710	-	27.62	0.01206	0.0
-129.13046	48.19699	-	27.63	0.01205	0.0
-129.13046	48.19688	-	27.64	0.01205	0.0
-129.13046	48.19677	-	27.65	0.01205	0.0
-129.13046	48.19666	-	27.67	0.01205	0.0
-129.13046	48.19656	-	27.68	0.01205	0.0
-129.13046	48.19645	-	27.69	0.01205	0.0
-129.13046	48.19634	-	27.70	0.01205	0.0
-129.13046	48.19623	-	27.72	0.01205	0.0
-129.13046	48.19612	-	27.73	0.01205	0.0
-129.13046	48.19601	-	27.74	0.01205	0.0
-129.13046	48.19590	-	27.75	0.01205	0.0
-129.13046	48.19580	-	27.76	0.01205	0.0
-129.13046	48.19569	-	27.78	0.01205	0.0
-129.13046	48.19558	-	27.79	0.01206	0.0
-129.13046	48.19547	-	27.80	0.01205	0.0
-129.13046	48.19536	-	27.81	0.01206	0.0
-129.13046	48.19525	-	27.82	0.01205	0.0
-129.13046	48.19515	-	27.84	0.01205	0.0
-129.13046	48.19504	-	27.85	0.01205	0.0
-129.13046	48.19493	-	27.86	0.01205	0.0
-129.13046	48.19482	-	27.87	0.01205	0.0
-129.13046	48.19471	-	27.88	0.01205	0.0
-129.13046	48.19460	-	27.90	0.01206	0.0
-129.13046	48.19450	-	27.91	0.01205	0.0
-129.13046	48.19439	-	27.92	0.01205	0.0
-129.13046	48.19428	-	27.93	0.01205	0.0
-129.13046	48.19417	-	27.94	0.01205	0.0
-129.13046	48.19406	-	27.96	0.01205	0.0
-129.13046	48.19395	-	27.97	0.01205	0.0
-129.13046	48.19385	-	27.98	0.01206	0.0
-129.13046	48.19374	-	27.99	0.01206	0.0
-129.13046	48.19363	-	28.00	0.01206	0.0
-129.13046	48.19352	-	28.02	0.01206	0.0
-129.13046	48.19341	-	28.03	0.01206	0.0
-129.13046	48.19330	-	28.04	0.01205	0.0
-129.13046	48.19319	-	28.05	0.01205	0.0
-129.13046	48.19309	-	28.06	0.01206	0.0
-129.13046	48.19298	-	28.08	0.01206	0.0
-129.13046	48.19287	-	28.09	0.01205	0.0
-129.13046	48.19276	-	28.10	0.01205	0.0
-129.13046	48.19265	-	28.11	0.01206	0.0
-129.13046	48.19254	-	28.13	0.01205	0.0
-129.13046	48.19244	-	28.14	0.01206	0.0
-129.13046	48.19233	-	28.15	0.01206	0.0
-129.13046	48.19222	-	28.16	0.01206	0.0
-129.13046	48.19211	-	28.17	0.01206	0.0
-129.13046	48.19200	-	28.19	0.01206	0.0
-129.13046	48.19189	-	28.20	0.01205	0.0
-129.13046	48.19179	-	28.21	0.01206	0.0
-129.13045	48.19170	-	28.22	0.00988	0.0
-129.13044	48.19161	-	28.23	0.00988	0.0
-129.13043	48.19152	-	28.24	0.00988	0.0
-129.13043	48.19143	-	28.25	0.00988	0.0
-129.13042	48.19134	-	28.26	0.00988	0.0
-129.13041	48.19125	-	28.27	0.00988	0.0
-129.13040	48.19116	-	28.28	0.00988	0.0
-129.13040	48.19108	-	28.29	0.00988	0.0
-129.13039	48.19099	-	28.30	0.00988	0.0
-129.13038	48.19090	-	28.31	0.00988	0.0
-129.13037	48.19081	-	28.32	0.00988	0.0
-129.13037	48.19072	-	28.33	0.00988	0.0
-129.13036	48.19063	-	28.34	0.00988	0.0
-129.13035	48.19054	-	28.35	0.00988	0.0
-129.13034	48.19045	-	28.36	0.00988	0.0
-129.13034	48.19037	-	28.37	0.00988	0.0
-129.13033	48.19028	-	28.38	0.00988	0.0
-129.13032	48.19019	-	28.39	0.00988	0.0
-129.13031	48.19010	-	28.40	0.00988	0.0
-129.13031	48.19001	-	28.41	0.00988	0.0
-129.13030	48.18992	-	28.42	0.00988	0.0
-129.13029	48.18983	-	28.43	0.00988	0.0
-129.13028	48.18974	-	28.44	0.00988	0.0
-129.13028	48.18966	-	28.45	0.00988	0.0
-129.13027	48.18957	-	28.46	0.00988	0.0
-129.13026	48.18948	-	28.47	0.00988	0.0
-129.13026	48.18939	-	28.48	0.00988	0.0
-129.13025	48.18930	-	28.49	0.00988	0.0
-129.13024	48.18921	-	28.50	0.00988	0.0
-129.13023	48.18912	-	28.51	0.00988	0.0
-129.13023	48.18904	-	28.52	0.00988	0.0
-129.13022	48.18895	-	28.53	0.00988	0.0
-129.13021	48.18886	-	28.54	0.00988	0.0
-129.13020	48.18877	-	28.55	0.00988	0.0
-129.13020	48.18868	-	28.56	0.00988	0.0
-129.13019	48.18859	-	28.57	0.00988	0.0
-129.13018	48.18850	-	28.57	0.00988	0.0
-129.13017	48.18841	-	28.58	0.00988	0.0
-129.13017	48.18833	-	28.59	0.00988	0.0
-129.13016	48.18824	-	28.60	0.00988	0.0
-129.13015	48.18815	-	28.61	0.00988	0.0
-129.13014	48.18806	-	28.62	0.00988	0.0
-129.13014	48.18797	-	28.63	0.00988	0.0
-129.13013	48.18788	-	28.64	0.00988	0.0
-129.13012	48.18779	-	28.65	0.00988	0.0
-129.13011	48.18770	-	28.66	0.00988	0.0
-129.13011	48.18762	-	28.67	0.00988	0.0
-129.13010	48.18753	-	28.68	0.00988	0.0
-129.13009	48.18744	-	28.69	0.00988	0.0
-129.13009	48.18735	-	28.70	0.00988	0.0
-129.13008	48.18726	-	28.71	0.00988	0.0
-129.13007	48.18717	-	28.72	0.00988	0.0
-129.13006	48.18708	-	28.73	0.00988	0.0
-129.13006	48.18699	-	28.74	0.00988	0.0
-129.13005	48.18691	-	28.75	0.00988	0.0
-129.13004	48.18682	-	28.76	0.00988	0.0
-129.13003	48.18673	-	28.77	0.00988	0.0
-129.13003	48.18664	-	28.78	0.00988	0.0
-129.13002	48.18655	-	28.79	0.00988	0.0
-129.13001	48.18646	-	28.80	0.00988	0.0
-129.13000	48.18637	-	28.81	0.00988	0.0
-129.13000	48.18628	-	28.82	0.00988	0.0
-129.12999	48.18620	-	28.83	0.00988	0.0
-129.12998	48.18611	-	28.84	0.00988	0.0
-129.12997	48.18602	-	28.85	0.00988	0.0
-129.12997	48.18593	-	28.86	0.00988	0.0
-129.12996	48.18584	-	28.87	0.00988	0.0
-129.12995	48.18575	-	28.88	0.00988	0.0
-129.12994	48.18566	-	28.89	0.00988	0.0
-129.12994	48.18557	-	28.90	0.00988	0.0
-129.12993	48.18549	-	28.91	0.00988	0.0
-129.12992	48.18540	-	28.92	0.00988	0.0
-129.12992	48.18531	-	28.93	0.00988	0.0
-129.12991	48.18522	-	28.94	0.00988	0.0
-129.12990	48.18513	-	28.95	0.00988	0.0
-129.12989	48.18504	-	28.96	0.00988	0.0
-129.12989	48.18495	-	28.97	0.00988	0.0
-129.12988	48.18487	-	28.98	0.00988	0.0
-129.12987	48.18478	-	28.99	0.00988	0.0
-129.12986	48.18469	-	29.00	0.00988	0.0
-129.12986	48.18460	-	29.01	0.00988	0.0
-129.12985	48.18451	-	29.02	0.00988	0.0
-129.12984	48.18442	-	29.03	0.00988	0.0
-129.12983	48.18433	-	29.04	0.00988	0.0
-129.12983	48.18424	-	29.05	0.00988	0.0
-129.12982	48.18416	-	29.06	0.00988	0.0
-129.12981	48.18407	-	29.07	0.00988	0.0
-129.12980	48.18398	-	29.08	0.00988	0.0
-129.12980	48.18389	-	29.09	0.00988	0.0
-129.12979	48.18380	-	29.10	0.00988	0.0
-129.12978	48.18371	-	29.11	0.00988	0.0
-129.12977	48.18362	-	29.12	0.00988	0.0
-129.12977	48.18353	-	29.13	0.00988	0.0
-129.12976	48.18345	-	29.14	0.00988	0.0
-129.12975	48.18336	-	29.15	0.00988	0.0
-129.12975	48.18327	-	29.16	0.00988	0.0
-129.12974	48.18318	-	29.17	0.00988	0.0
-129.12973	48.18309	-	29.18	0.00988	0.0
-129.12972	48.18300	-	29.19	0.00988	0.0
