-128.98381	47.78166	-	0.00	0	0.0
-128.98378	47.78149	-	0.02	0.01878	0.0
-128.98376	47.78133	-	0.04	0.01878	0.0
-128.98374	47.78116	-	0.06	0.01878	0.0
-128.98371	47.78099	-	0.08	0.01878	0.0
-128.98369	47.78082	-	0.09	0.01878	0.0
-128.98366	47.78065	-	0.11	0.01878	0.0
-128.98364	47.78049	-	0.13	0.01878	0.0
-128.98362	47.78032	-	0.15	0.01878	0.0
-128.98359	47.78015	-	0.17	0.01878	0.0
-128.98357	47.77998	-	0.19	0.01878	0.0
-128.98354	47.77981	-	0.21	0.01878	0.0
-128.98352	47.77964	-	0.23	0.01878	0.0
-128.98350	47.77948	-	0.24	0.01878	0.0
-128.98347	47.77931	-	0.26	0.01878	0.0
-128.98345	47.77914	-	0.28	0.01878	0.0
-128.98343	47.77897	-	0.30	0.01878	0.0
-128.98340	47.77880	-	0.32	0.01878	0.0
-128.98338	47.77864	-	0.34	0.01878	0.0
-128.98335	47.77847	-	0.36	0.01878	0.0
-128.98333	47.77830	-	0.38	0.01878	0.0
-128.98331	47.77813	-	0.39	0.01878	0.0
-128.98328	47.77796	-	0.41	0.01878	0.0
-128.98326	47.77780	-	0.43	0.01878	0.0
-128.98323	47.77763	-	0.45	0.01878	0.0
-128.98321	47.77746	-	0.47	0.01878	0.0
-128.98319	47.77729	-	0.49	0.01878	0.0
-128.98316	47.77712	-	0.51	0.01878	0.0
-128.98314	47.77695	-	0.53	0.01878	0.0
-128.98312	47.77679	-	0.54	0.01878	0.0
-128.98309	47.77662	-	0.56	0.01878	0.0
-128.98307	47.77645	-	0.58	0.01878	0.0
-128.98304	47.77628	-	0.60	0.01878	0.0
-128.98302	47.77611	-	0.62	0.01878	0.0
-128.98300	47.77595	-	0.64	0.01878	0.0
-128.98297	47.77578	-	0.66	0.01878	0.0
-128.98295	47.77561	-	0.68	0.01878	0.0
-128.98292	47.77544	-	0.69	0.01878	0.0
-128.98290	47.77527	-	0.71	0.01878	0.0
-128.98288	47.77511	-	0.73	0.01878	0.0
-128.98285	47.77494	-	0.75	0.01878	0.0
-128.98283	47.77477	-	0.77	0.01878	0.0
-128.98281	47.77460	-	0.79	0.01878	0.0
-128.98278	47.77443	-	0.81	0.01878	0.0
-128.98276	47.77426	-	0.83	0.01878	0.0
-128.98273	47.77410	-	0.85	0.01878	0.0
-128.98271	47.77393	-	0.86	0.01878	0.0
-128.98269	47.77376	-	0.88	0.01878	0.0
-128.98266	47.77359	-	0.90	0.01878	0.0
-128.98264	47.77342	-	0.92	0.01878	0.0
-128.98262	47.77326	-	0.94	0.01878	0.0
-128.98259	47.77309	-	0.96	0.01878	0.0
-128.98257	47.77292	-	0.98	0.01878	0.0
-128.98254	47.77275	-	1.00	0.01878	0.0
-128.98252	47.77258	-	1.01	0.01878	0.0
-128.98250	47.77242	-	1.03	0.01878	0.0
-128.98247	47.77225	-	1.05	0.01878	0.0
-128.98245	47.77208	-	1.07	0.01878	0.0
-128.98242	47.77191	-	1.09	0.01878	0.0
-128.98240	47.77174	-	1.11	0.01878	0.0
-128.98238	47.77157	-	1.13	0.01878	0.0
-128.98235	47.77141	-	1.15	0.01878	0.0
-128.98233	47.77124	-	1.16	0.01878	0.0
-128.98231	47.77107	-	1.18	0.01878	0.0
-128.98228	47.77090	-	1.20	0.01878	0.0
-128.98226	47.77073	-	1.22	0.01878	0.0
-128.98223	47.77057	-	1.24	0.01878	0.0
-128.98221	47.77040	-	1.26	0.01878	0.0
-128.98219	47.77023	-	1.28	0.01878	0.0
-128.98216	47.77006	-	1.30	0.01878	0.0
-128.98214	47.76989	-	1.31	0.01878	0.0
-128.98211	47.76973	-	1.33	0.01878	0.0
-128.98209	47.76956	-	1.35	0.01878	0.0
-128.98207	47.76939	-	1.37	0.01878	0.0
-128.98204	47.76922	-	1.39	0.01878	0.0
-128.98202	47.76905	-	1.41	0.01878	0.0
-128.98200	47.76888	-	1.43	0.01878	0.0
-128.98197	47.76872	-	1.45	0.01878	0.0
-128.98195	47.76855	-	1.46	0.01878	0.0
-128.98192	47.76838	-	1.48	0.01878	0.0
-128.98190	47.76821	-	1.50	0.01878	0.0
-128.98188	47.76804	-	1.52	0.01878	0.0
-128.98185	47.76788	-	1.54	0.01878	0.0
-128.98183	47.76771	-	1.56	0.01878	0.0
-128.98181	47.76754	-	1.58	0.01878	0.0
-128.98178	47.76737	-	1.60	0.01878	0.0
-128.98176	47.76720	-	1.62	0.01878	0.0
-128.98173	47.76704	-	1.63	0.01878	0.0
-128.98171	47.76687	-	1.65	0.01878	0.0
-128.98169	47.76670	-	1.67	0.01878	0.0
-128.98166	47.76653	-	1.69	0.01878	0.0
-128.98164	47.76636	-	1.71	0.01878	0.0
-128.98161	47.76619	-	1.73	0.01878	0.0
-128.98159	47.76603	-	1.75	0.01878	0.0
-128.98157	47.76586	-	1.77	0.01878	0.0
-128.98154	47.76569	-	1.78	0.01878	0.0
-128.98152	47.76552	-	1.80	0.01878	0.0
-128.98150	47.76535	-	1.82	0.01878	0.0
-128.98147	47.76519	-	1.84	0.01878	0.0
-128.98145	47.76502	-	1.86	0.01878	0.0
-128.98142	47.76483	-	1.88	0.02056	0.0
-128.98140	47.76465	-	1.90	0.02056	0.0
-128.98138	47.76447	-	1.92	0.02056	0.0
-128.98135	47.76428	-	1.94	0.02056	0.0
-128.98133	47.76410	-	1.96	0.02056	0.0
-128.98130	47.76391	-	1.98	0.02056	0.0
-128.98128	47.76373	-	2.00	0.02056	0.0
-128.98126	47.76354	-	2.02	0.02056	0.0
-128.98123	47.76336	-	2.04	0.02056	0.0
-128.98121	47.76318	-	2.06	0.02056	0.0
-128.98119	47.76299	-	2.09	0.02056	0.0
-128.98116	47.76281	-	2.11	0.02056	0.0
-128.98114	47.76262	-	2.13	0.02056	0.0
-128.98111	47.76244	-	2.15	0.02056	0.0
-128.98109	47.76225	-	2.17	0.02056	0.0
-128.98107	47.76207	-	2.19	0.02056	0.0
-128.98104	47.76189	-	2.21	0.02056	0.0
-128.98102	47.76170	-	2.23	0.02056	0.0
-128.98100	47.76152	-	2.25	0.02056	0.0
-128.98097	47.76133	-	2.27	0.02056	0.0
-128.98095	47.76115	-	2.29	0.02056	0.0
-128.98092	47.76097	-	2.31	0.02056	0.0
-128.98090	47.76078	-	2.33	0.02056	0.0
-128.98088	47.76060	-	2.35	0.02056	0.0
-128.98085	47.76041	-	2.37	0.02056	0.0
-128.98083	47.76023	-	2.39	0.02056	0.0
-128.98080	47.76004	-	2.41	0.02056	0.0
-128.98078	47.75986	-	2.43	0.02056	0.0
-128.98076	47.75968	-	2.46	0.02056	0.0
-128.98073	47.75949	-	2.48	0.02056	0.0
-128.98071	47.75931	-	2.50	0.02056	0.0
-128.98069	47.75912	-	2.52	0.02056	0.0
-128.98066	47.75894	-	2.54	0.02056	0.0
-128.98064	47.75875	-	2.56	0.02056	0.0
-128.98061	47.75857	-	2.58	0.02056	0.0
-128.98059	47.75839	-	2.60	0.02056	0.0
-128.98057	47.75820	-	2.62	0.02056	0.0
-128.98054	47.75802	-	2.64	0.02056	0.0
-128.98052	47.75783	-	2.66	0.02056	0.0
-128.98049	47.75765	-	2.68	0.02056	0.0
-128.98047	47.75747	-	2.70	0.02056	0.0
-128.98045	47.75728	-	2.72	0.02056	0.0
-128.98042	47.75710	-	2.74	0.02056	0.0
-128.98040	47.75691	-	2.76	0.02056	0.0
-128.98038	47.75673	-	2.78	0.02056	0.0
-128.98035	47.75654	-	2.80	0.02056	0.0
-128.98033	47.75636	-	2.83	0.02056	0.0
-128.98030	47.75618	-	2.85	0.02056	0.0
-128.98028	47.75599	-	2.87	0.02056	0.0
-128.98026	47.75581	-	2.89	0.02056	0.0
-128.98023	47.75562	-	2.91	0.02056	0.0
-128.98021	47.75544	-	2.93	0.02056	0.0
-128.98018	47.75526	-	2.95	0.02056	0.0
-128.98016	47.75507	-	2.97	0.02056	0.0
-128.98014	47.75489	-	2.99	0.02056	0.0
-128.98011	47.75470	-	3.01	0.02056	0.0
-128.98009	47.75452	-	3.03	0.02056	0.0
-128.98007	47.75433	-	3.05	0.02056	0.0
-128.98004	47.75415	-	3.07	0.02056	0.0
-128.98002	47.75397	-	3.09	0.02056	0.0
-128.97999	47.75378	-	3.11	0.02056	0.0
-128.97997	47.75360	-	3.13	0.02056	0.0
-128.97995	47.75341	-	3.15	0.02056	0.0
-128.97992	47.75323	-	3.17	0.02056	0.0
-128.97990	47.75304	-	3.20	0.02056	0.0
-128.97988	47.75286	-	3.22	0.02056	0.0
-128.97985	47.75268	-	3.24	0.02056	0.0
-128.97983	47.75249	-	3.26	0.02056	0.0
-128.97980	47.75231	-	3.28	0.02056	0.0
-128.97978	47.75212	-	3.30	0.02056	0.0
-128.97976	47.75194	-	3.32	0.02056	0.0
-128.97973	47.75176	-	3.34	0.02056	0.0
-128.97971	47.75157	-	3.36	0.02056	0.0
-128.97968	47.75139	-	3.38	0.02056	0.0
-128.97966	47.75120	-	3.40	0.02056	0.0
-128.97964	47.75102	-	3.42	0.02056	0.0
-128.97961	47.75083	-	3.44	0.02056	0.0
-128.97959	47.75065	-	3.46	0.02056	0.0
-128.97957	47.75047	-	3.48	0.02056	0.0
-128.97954	47.75028	-	3.50	0.02056	0.0
-128.97952	47.75010	-	3.52	0.02056	0.0
-128.97949	47.74991	-	3.55	0.02056	0.0
-128.97947	47.74973	-	3.57	0.02056	0.0
-128.97945	47.74954	-	3.59	0.02056	0.0
-128.97942	47.74936	-	3.61	0.02056	0.0
-128.97940	47.74918	-	3.63	0.02056	0.0
-128.97938	47.74899	-	3.65	0.02056	0.0
-128.97935	47.74881	-	3.67	0.02056	0.0
-128.97933	47.74862	-	3.69	0.02056	0.0
-128.97930	47.74844	-	3.71	0.02056	0.0
-128.97928	47.74826	-	3.73	0.02056	0.0
-128.97926	47.74807	-	3.75	0.02056	0.0
-128.97923	47.74789	-	3.77	0.02056	0.0
-128.97921	47.74770	-	3.79	0.02056	0.0
-128.97918	47.74752	-	3.81	0.02056	0.0
-128.97916	47.74733	-	3.83	0.02056	0.0
-128.97914	47.74715	-	3.85	0.02056	0.0
-128.97911	47.74697	-	3.87	0.02056	0.0
-128.97909	47.74678	-	3.89	0.02056	0.0
-128.97905	47.74663	-	3.91	0.01713	0.0
-128.97902	47.74648	-	3.93	0.01713	0.0
-128.97898	47.74633	-	3.95	0.01713	0.0
-128.97895	47.74617	-	3.96	0.01713	0.0
-128.97891	47.74602	-	3.98	0.01713	0.0
-128.97887	47.74587	-	4.00	0.01713	0.0
-128.97884	47.74572	-	4.01	0.01713	0.0
-128.97880	47.74556	-	4.03	0.01714	0.0
-128.97877	47.74541	-	4.05	0.01714	0.0
-128.97873	47.74526	-	4.07	0.01713	0.0
-128.97870	47.74511	-	4.08	0.01713	0.0
-128.97866	47.74496	-	4.10	0.01713	0.0
-128.97862	47.74480	-	4.12	0.01714	0.0
-128.97859	47.74465	-	4.13	0.01714	0.0
-128.97855	47.74450	-	4.15	0.01714	0.0
-128.97852	47.74435	-	4.17	0.01714	0.0
-128.97848	47.74419	-	4.19	0.01713	0.0
-128.97845	47.74404	-	4.20	0.01713	0.0
-128.97841	47.74389	-	4.22	0.01713	0.0
-128.97837	47.74374	-	4.24	0.01713	0.0
-128.97834	47.74359	-	4.25	0.01714	0.0
-128.97830	47.74343	-	4.27	0.01714	0.0
-128.97827	47.74328	-	4.29	0.01713	0.0
-128.97823	47.74313	-	4.31	0.01713	0.0
-128.97820	47.74298	-	4.32	0.01713	0.0
-128.97816	47.74282	-	4.34	0.01713	0.0
-128.97812	47.74267	-	4.36	0.01713	0.0
-128.97809	47.74252	-	4.37	0.01714	0.0
-128.97805	47.74237	-	4.39	0.01713	0.0
-128.97802	47.74222	-	4.41	0.01714	0.0
-128.97798	47.74206	-	4.43	0.01713	0.0
-128.97795	47.74191	-	4.44	0.01714	0.0
-128.97791	47.74176	-	4.46	0.01713	0.0
-128.97787	47.74161	-	4.48	0.01713	0.0
-128.97784	47.74145	-	4.49	0.01714	0.0
-128.97780	47.74130	-	4.51	0.01713	0.0
-128.97777	47.74115	-	4.53	0.01713	0.0
-128.97773	47.74100	-	4.55	0.01713	0.0
-128.97770	47.74085	-	4.56	0.01713	0.0
-128.97766	47.74069	-	4.58	0.01714	0.0
-128.97762	47.74054	-	4.60	0.01713	0.0
-128.97759	47.74039	-	4.61	0.01713	0.0
-128.97755	47.74024	-	4.63	0.01713	0.0
-128.97752	47.74008	-	4.65	0.01713	0.0
-128.97748	47.73993	-	4.67	0.01713	0.0
-128.97745	47.73978	-	4.68	0.01713	0.0
-128.97741	47.73963	-	4.70	0.01713	0.0
-128.97737	47.73948	-	4.72	0.01713	0.0
-128.97734	47.73932	-	4.73	0.01714	0.0
-128.97730	47.73917	-	4.75	0.01714	0.0
-128.97727	47.73902	-	4.77	0.01713	0.0
-128.97723	47.73887	-	4.79	0.01713	0.0
-128.97719	47.73871	-	4.80	0.01713	0.0
-128.97716	47.73856	-	4.82	0.01714	0.0
-128.97712	47.73841	-	4.84	0.01713	0.0
-128.97709	47.73826	-	4.85	0.01713	0.0
-128.97705	47.73811	-	4.87	0.01713	0.0
-128.97702	47.73795	-	4.89	0.01714	0.0
-128.97698	47.73780	-	4.91	0.01713	0.0
-128.97694	47.73765	-	4.92	0.01713	0.0
-128.97691	47.73750	-	4.94	0.01713	0.0
-128.97687	47.73734	-	4.96	0.01713	0.0
-128.97684	47.73719	-	4.97	0.01714	0.0
-128.97680	47.73704	-	4.99	0.01713	0.0
-128.97677	47.73689	-	5.01	0.01713	0.0
-128.97673	47.73674	-	5.03	0.01713	0.0
-128.97669	47.73658	-	5.04	0.01714	0.0
-128.97666	47.73643	-	5.06	0.01713	0.0
-128.97662	47.73628	-	5.08	0.01714	0.0
-128.97659	47.73613	-	5.09	0.01713	0.0
-128.97655	47.73597	-	5.11	0.01713	0.0
-128.97652	47.73582	-	5.13	0.01713	0.0
-128.97648	47.73567	-	5.15	0.01714	0.0
-128.97644	47.73552	-	5.16	0.01713	0.0
-128.97641	47.73537	-	5.18	0.01713	0.0
-128.97637	47.73521	-	5.20	0.01714	0.0
-128.97634	47.73506	-	5.21	0.01713	0.0
-128.97630	47.73491	-	5.23	0.01713	0.0
-128.97627	47.73476	-	5.25	0.01713	0.0
-128.97623	47.73460	-	5.27	0.01714	0.0
-128.97619	47.73445	-	5.28	0.01714	0.0
-128.97616	47.73430	-	5.30	0.01713	0.0
-128.97612	47.73415	-	5.32	0.01713	0.0
-128.97609	47.73400	-	5.33	0.01713	0.0
-128.97605	47.73384	-	5.35	0.01713	0.0
-128.97602	47.73369	-	5.37	0.01713	0.0
-128.97598	47.73354	-	5.39	0.01713	0.0
-128.97594	47.73339	-	5.40	0.01713	0.0
-128.97591	47.73324	-	5.42	0.01713	0.0
-128.97587	47.73308	-	5.44	0.01713	0.0
-128.97584	47.73293	-	5.45	0.01713	0.0
-128.97580	47.73278	-	5.47	0.01714	0.0
-128.97577	47.73263	-	5.49	0.01714	0.0
-128.97573	47.73247	-	5.51	0.01713	0.0
-128.97569	47.73232	-	5.52	0.01714	0.0
-128.97566	47.73217	-	5.54	0.01713	0.0
-128.97562	47.73202	-	5.56	0.01714	0.0
-128.97559	47.73187	-	5.57	0.01714	0.0
-128.97555	47.73171	-	5.59	0.01714	0.0
-128.97553	47.73158	-	5.61	0.01525	0.0
-128.97550	47.73144	-	5.62	0.01525	0.0
-128.97548	47.73130	-	5.64	0.01525	0.0
-128.97546	47.73117	-	5.65	0.01525	0.0
-128.97543	47.73103	-	5.67	0.01525	0.0
-128.97541	47.73090	-	5.68	0.01525	0.0
-128.97538	47.73076	-	5.70	0.01525	0.0
-128.97536	47.73062	-	5.71	0.01525	0.0
-128.97534	47.73049	-	5.73	0.01525	0.0
-128.97531	47.73035	-	5.74	0.01525	0.0
-128.97529	47.73021	-	5.76	0.01525	0.0
-128.97527	47.73008	-	5.77	0.01525	0.0
-128.97524	47.72994	-	5.79	0.01525	0.0
-128.97522	47.72981	-	5.80	0.01525	0.0
-128.97519	47.72967	-	5.82	0.01525	0.0
-128.97517	47.72953	-	5.83	0.01525	0.0
-128.97515	47.72940	-	5.85	0.01525	0.0
-128.97512	47.72926	-	5.87	0.01525	0.0
-128.97510	47.72912	-	5.88	0.01525	0.0
-128.97507	47.72899	-	5.90	0.01525	0.0
-128.97505	47.72885	-	5.91	0.01525	0.0
-128.97503	47.72872	-	5.93	0.01525	0.0
-128.97500	47.72858	-	5.94	0.01525	0.0
-128.97498	47.72844	-	5.96	0.01525	0.0
-128.97496	47.72831	-	5.97	0.01525	0.0
-128.97493	47.72817	-	5.99	0.01525	0.0
-128.97491	47.72803	-	6.00	0.01525	0.0
-128.97488	47.72790	-	6.02	0.01525	0.0
-128.97486	47.72776	-	6.03	0.01525	0.0
-128.97484	47.72763	-	6.05	0.01525	0.0
-128.97481	47.72749	-	6.06	0.01525	0.0
-128.97479	47.72735	-	6.08	0.01525	0.0
-128.97476	47.72722	-	6.09	0.01525	0.0
-128.97474	47.72708	-	6.11	0.01525	0.0
-128.97472	47.72694	-	6.12	0.01525	0.0
-128.97469	47.72681	-	6.14	0.01525	0.0
-128.97467	47.72667	-	6.16	0.01525	0.0
-128.97465	47.72654	-	6.17	0.01525	0.0
-128.97462	47.72640	-	6.19	0.01525	0.0
-128.97460	47.72626	-	6.20	0.01525	0.0
-128.97457	47.72613	-	6.22	0.01525	0.0
-128.97455	47.72599	-	6.23	0.01525	0.0
-128.97453	47.72586	-	6.25	0.01525	0.0
-128.97450	47.72572	-	6.26	0.01525	0.0
-128.97448	47.72558	-	6.28	0.01525	0.0
-128.97446	47.72545	-	6.29	0.01525	0.0
-128.97443	47.72531	-	6.31	0.01525	0.0
-128.97441	47.72517	-	6.32	0.01525	0.0
-128.97438	47.72504	-	6.34	0.01525	0.0
-128.97436	47.72490	-	6.35	0.01525	0.0
-128.97434	47.72477	-	6.37	0.01525	0.0
-128.97431	47.72463	-	6.38	0.01525	0.0
-128.97429	47.72449	-	6.40	0.01525	0.0
-128.97426	47.72436	-	6.41	0.01525	0.0
-128.97424	47.72422	-	6.43	0.01525	0.0
-128.97422	47.72408	-	6.45	0.01525	0.0
-128.97419	47.72395	-	6.46	0.01525	0.0
-128.97417	47.72381	-	6.48	0.01525	0.0
-128.97415	47.72368	-	6.49	0.01525	0.0
-128.97412	47.72354	-	6.51	0.01525	0.0
-128.97410	47.72340	-	6.52	0.01525	0.0
-128.97407	47.72327	-	6.54	0.01525	0.0
-128.97405	47.72313	-	6.55	0.01525	0.0
-128.97403	47.72299	-	6.57	0.01525	0.0
-128.97400	47.72286	-	6.58	0.01525	0.0
-128.97398	47.72272	-	6.60	0.01525	0.0
-128.97395	47.72259	-	6.61	0.01525	0.0
-128.97393	47.72245	-	6.63	0.01525	0.0
-128.97391	47.72231	-	6.64	0.01525	0.0
-128.97388	47.72218	-	6.66	0.01525	0.0
-128.97386	47.72204	-	6.67	0.01525	0.0
-128.97384	47.72190	-	6.69	0.01525	0.0
-128.97381	47.72177	-	6.70	0.01525	0.0
-128.97379	47.72163	-	6.72	0.01525	0.0
-128.97376	47.72150	-	6.73	0.01525	0.0
-128.97374	47.72136	-	6.75	0.01525	0.0
-128.97372	47.72122	-	6.77	0.01525	0.0
-128.97369	47.72109	-	6.78	0.01525	0.0
-128.97367	47.72095	-	6.80	0.01525	0.0
-128.97365	47.72081	-	6.81	0.01525	0.0
-128.97362	47.72068	-	6.83	0.01525	0.0
-128.97360	47.72054	-	6.84	0.01525	0.0
-128.97357	47.72041	-	6.86	0.01525	0.0
-128.97355	47.72027	-	6.87	0.01525	0.0
-128.97353	47.72013	-	6.89	0.01525	0.0
-128.97350	47.72000	-	6.90	0.01525	0.0
-128.97348	47.71986	-	6.92	0.01525	0.0
-128.97345	47.71972	-	6.93	0.01525	0.0
-128.97343	47.71959	-	6.95	0.01525	0.0
-128.97341	47.71945	-	6.96	0.01525	0.0
-128.97338	47.71932	-	6.98	0.01525	0.0
-128.97336	47.71918	-	6.99	0.01525	0.0
-128.97334	47.71904	-	7.01	0.01525	0.0
-128.97331	47.71891	-	7.02	0.01525	0.0
-128.97329	47.71877	-	7.04	0.01525	0.0
-128.97326	47.71864	-	7.06	0.01525	0.0
-128.97324	47.71850	-	7.07	0.01525	0.0
-128.97322	47.71836	-	7.09	0.01525	0.0
-128.97319	47.71823	-	7.10	0.01525	0.0
-128.97314	47.71804	-	7.12	0.02081	0.0
-128.97310	47.71786	-	7.14	0.02081	0.0
-128.97305	47.71767	-	7.16	0.02081	0.0
-128.97300	47.71749	-	7.18	0.02081	0.0
-128.97295	47.71730	-	7.20	0.02081	0.0
-128.97291	47.71712	-	7.23	0.02081	0.0
-128.97286	47.71694	-	7.25	0.02081	0.0
-128.97281	47.71675	-	7.27	0.02081	0.0
-128.97276	47.71657	-	7.29	0.02081	0.0
-128.97272	47.71638	-	7.31	0.02081	0.0
-128.97267	47.71620	-	7.33	0.02081	0.0
-128.97262	47.71601	-	7.35	0.02081	0.0
-128.97257	47.71583	-	7.37	0.02081	0.0
-128.97253	47.71565	-	7.39	0.02081	0.0
-128.97248	47.71546	-	7.41	0.02081	0.0
-128.97243	47.71528	-	7.43	0.02081	0.0
-128.97238	47.71509	-	7.45	0.02081	0.0
-128.97233	47.71491	-	7.48	0.02081	0.0
-128.97229	47.71472	-	7.50	0.02081	0.0
-128.97224	47.71454	-	7.52	0.02081	0.0
-128.97219	47.71435	-	7.54	0.02081	0.0
-128.97214	47.71417	-	7.56	0.02081	0.0
-128.97210	47.71399	-	7.58	0.02081	0.0
-128.97205	47.71380	-	7.60	0.02081	0.0
-128.97200	47.71362	-	7.62	0.02081	0.0
-128.97195	47.71343	-	7.64	0.02081	0.0
-128.97191	47.71325	-	7.66	0.02081	0.0
-128.97186	47.71306	-	7.68	0.02081	0.0
-128.97181	47.71288	-	7.70	0.02081	0.0
-128.97176	47.71270	-	7.73	0.02081	0.0
-128.97172	47.71251	-	7.75	0.02081	0.0
-128.97167	47.71233	-	7.77	0.02081	0.0
-128.97162	47.71214	-	7.79	0.02081	0.0
-128.97157	47.71196	-	7.81	0.02081	0.0
-128.97152	47.71177	-	7.83	0.02081	0.0
-128.97148	47.71159	-	7.85	0.02081	0.0
-128.97143	47.71140	-	7.87	0.02081	0.0
-128.97138	47.71122	-	7.89	0.02081	0.0
-128.97133	47.71104	-	7.91	0.02081	0.0
-128.97129	47.71085	-	7.93	0.02081	0.0
-128.97124	47.71067	-	7.95	0.02081	0.0
-128.97119	47.71048	-	7.97	0.02081	0.0
-128.97114	47.71030	-	8.00	0.02081	0.0
-128.97110	47.71011	-	8.02	0.02081	0.0
-128.97105	47.70993	-	8.04	0.02081	0.0
-128.97100	47.70975	-	8.06	0.02081	0.0
-128.97095	47.70956	-	8.08	0.02081	0.0
-128.97090	47.70938	-	8.10	0.02081	0.0
-128.97086	47.70919	-	8.12	0.02081	0.0
-128.97081	47.70901	-	8.14	0.02081	0.0
-128.97076	47.70882	-	8.16	0.02081	0.0
-128.97071	47.70864	-	8.18	0.02081	0.0
-128.97067	47.70846	-	8.20	0.02081	0.0
-128.97062	47.70827	-	8.22	0.02081	0.0
-128.97057	47.70809	-	8.25	0.02081	0.0
-128.97052	47.70790	-	8.27	0.02081	0.0
-128.97048	47.70772	-	8.29	0.02081	0.0
-128.97043	47.70753	-	8.31	0.02081	0.0
-128.97038	47.70735	-	8.33	0.02081	0.0
-128.97033	47.70716	-	8.35	0.02081	0.0
-128.97029	47.70698	-	8.37	0.02081	0.0
-128.97024	47.70680	-	8.39	0.02081	0.0
-128.97019	47.70661	-	8.41	0.02081	0.0
-128.97014	47.70643	-	8.43	0.02081	0.0
-128.97009	47.70624	-	8.45	0.02081	0.0
-128.97005	47.70606	-	8.47	0.02081	0.0
-128.97000	47.70587	-	8.49	0.02081	0.0
-128.96995	47.70569	-	8.52	0.02081	0.0
-128.96990	47.70551	-	8.54	0.02081	0.0
-128.96986	47.70532	-	8.56	0.02081	0.0
-128.96981	47.70514	-	8.58	0.02081	0.0
-128.96976	47.70495	-	8.60	0.02081	0.0
-128.96971	47.70477	-	8.62	0.02081	0.0
-128.96967	47.70458	-	8.64	0.02081	0.0
-128.96962	47.70440	-	8.66	0.02081	0.0
-128.96957	47.70421	-	8.68	0.02081	0.0
-128.96952	47.70403	-	8.70	0.02081	0.0
-128.96948	47.70385	-	8.72	0.02081	0.0
-128.96943	47.70366	-	8.74	0.02081	0.0
-128.96938	47.70348	-	8.77	0.02081	0.0
-128.96933	47.70329	-	8.79	0.02081	0.0
-128.96929	47.70311	-	8.81	0.02081	0.0
-128.96924	47.70292	-	8.83	0.02081	0.0
-128.96919	47.70274	-	8.85	0.02081	0.0
-128.96914	47.70256	-	8.87	0.02081	0.0
-128.96909	47.70237	-	8.89	0.02081	0.0
-128.96905	47.70219	-	8.91	0.02081	0.0
-128.96900	47.70200	-	8.93	0.02081	0.0
-128.96895	47.70182	-	8.95	0.02081	0.0
-128.96890	47.70163	-	8.97	0.02081	0.0
-128.96886	47.70145	-	8.99	0.02081	0.0
-128.96881	47.70126	-	9.02	0.02081	0.0
-128.96876	47.70108	-	9.04	0.02081	0.0
-128.96871	47.70090	-	9.06	0.02081	0.0
-128.96867	47.70071	-	9.08	0.02081	0.0
-128.96862	47.70053	-	9.10	0.02081	0.0
-128.96857	47.70034	-	9.12	0.02081	0.0
-128.96852	47.70016	-	9.14	0.02081	0.0
-128.96848	47.69997	-	9.16	0.02081	0.0
-128.96840	47.69965	-	9.20	0.03607	0.0
-128.96833	47.69933	-	9.23	0.03607	0.0
-128.96826	47.69901	-	9.27	0.03607	0.0
-128.96819	47.69869	-	9.31	0.03607	0.0
-128.96812	47.69837	-	9.34	0.03607	0.0
-128.96805	47.69805	-	9.38	0.03607	0.0
-128.96797	47.69773	-	9.41	0.03607	0.0
-128.96790	47.69741	-	9.45	0.03607	0.0
-128.96783	47.69709	-	9.49	0.03607	0.0
-128.96776	47.69677	-	9.52	0.03607	0.0
-128.96769	47.69645	-	9.56	0.03607	0.0
-128.96762	47.69612	-	9.59	0.03607	0.0
-128.96755	47.69580	-	9.63	0.03607	0.0
-128.96747	47.69548	-	9.67	0.03607	0.0
-128.96740	47.69516	-	9.70	0.03607	0.0
-128.96733	47.69484	-	9.74	0.03607	0.0
-128.96726	47.69452	-	9.77	0.03607	0.0
-128.96719	47.69420	-	9.81	0.03607	0.0
-128.96712	47.69388	-	9.85	0.03607	0.0
-128.96705	47.69356	-	9.88	0.03607	0.0
-128.96697	47.69324	-	9.92	0.03607	0.0
-128.96690	47.69292	-	9.95	0.03607	0.0
-128.96683	47.69260	-	9.99	0.03607	0.0
-128.96676	47.69228	-	10.03	0.03607	0.0
-128.96669	47.69195	-	10.06	0.03607	0.0
-128.96662	47.69163	-	10.10	0.03607	0.0
-128.96654	47.69131	-	10.13	0.03607	0.0
-128.96647	47.69099	-	10.17	0.03607	0.0
-128.96640	47.69067	-	10.21	0.03607	0.0
-128.96633	47.69035	-	10.24	0.03607	0.0
-128.96626	47.69003	-	10.28	0.03607	0.0
-128.96619	47.68971	-	10.32	0.03607	0.0
-128.96612	47.68939	-	10.35	0.03607	0.0
-128.96604	47.68907	-	10.39	0.03607	0.0
-128.96597	47.68875	-	10.42	0.03607	0.0
-128.96590	47.68843	-	10.46	0.03607	0.0
-128.96583	47.68811	-	10.50	0.03607	0.0
-128.96576	47.68778	-	10.53	0.03607	0.0
-128.96569	47.68746	-	10.57	0.03607	0.0
-128.96562	47.68714	-	10.60	0.03607	0.0
-128.96554	47.68682	-	10.64	0.03607	0.0
-128.96547	47.68650	-	10.68	0.03607	0.0
-128.96540	47.68618	-	10.71	0.03607	0.0
-128.96533	47.68586	-	10.75	0.03607	0.0
-128.96526	47.68554	-	10.78	0.03607	0.0
-128.96519	47.68522	-	10.82	0.03607	0.0
-128.96511	47.68490	-	10.86	0.03607	0.0
-128.96504	47.68458	-	10.89	0.03607	0.0
-128.96497	47.68426	-	10.93	0.03607	0.0
-128.96490	47.68393	-	10.96	0.03607	0.0
-128.96483	47.68361	-	11.00	0.03607	0.0
-128.96476	47.68329	-	11.04	0.03607	0.0
-128.96469	47.68297	-	11.07	0.03607	0.0
-128.96461	47.68265	-	11.11	0.03607	0.0
-128.96454	47.68233	-	11.14	0.03607	0.0
-128.96447	47.68201	-	11.18	0.03607	0.0
-128.96440	47.68169	-	11.22	0.03607	0.0
-128.96433	47.68137	-	11.25	0.03607	0.0
-128.96426	47.68105	-	11.29	0.03607	0.0
-128.96419	47.68073	-	11.32	0.03607	0.0
-128.96411	47.68041	-	11.36	0.03607	0.0
-128.96404	47.68009	-	11.40	0.03607	0.0
-128.96397	47.67976	-	11.43	0.03607	0.0
-128.96390	47.67944	-	11.47	0.03607	0.0
-128.96383	47.67912	-	11.51	0.03607	0.0
-128.96376	47.67880	-	11.54	0.03607	0.0
-128.96369	47.67848	-	11.58	0.03607	0.0
-128.96361	47.67816	-	11.61	0.03607	0.0
-128.96354	47.67784	-	11.65	0.03607	0.0
-128.96347	47.67752	-	11.69	0.03607	0.0
-128.96340	47.67720	-	11.72	0.03607	0.0
-128.96333	47.67688	-	11.76	0.03607	0.0
-128.96326	47.67656	-	11.79	0.03607	0.0
-128.96319	47.67624	-	11.83	0.03607	0.0
-128.96311	47.67592	-	11.87	0.03607	0.0
-128.96304	47.67559	-	11.90	0.03607	0.0
-128.96297	47.67527	-	11.94	0.03607	0.0
-128.96290	47.67495	-	11.97	0.03607	0.0
-128.96283	47.67463	-	12.01	0.03607	0.0
-128.96276	47.67431	-	12.05	0.03607	0.0
-128.96269	47.67399	-	12.08	0.03607	0.0
-128.96261	47.67367	-	12.12	0.03607	0.0
-128.96254	47.67335	-	12.15	0.03607	0.0
-128.96247	47.67303	-	12.19	0.03607	0.0
-128.96240	47.67271	-	12.23	0.03607	0.0
-128.96233	47.67239	-	12.26	0.03607	0.0
-128.96226	47.67207	-	12.30	0.03607	0.0
-128.96219	47.67175	-	12.33	0.03607	0.0
-128.96211	47.67142	-	12.37	0.03607	0.0
-128.96204	47.67110	-	12.41	0.03607	0.0
-128.96197	47.67078	-	12.44	0.03607	0.0
-128.96190	47.67046	-	12.48	0.03607	0.0
-128.96183	47.67014	-	12.52	0.03607	0.0
-128.96176	47.66982	-	12.55	0.03607	0.0
-128.96168	47.66950	-	12.59	0.03607	0.0
-128.96161	47.66918	-	12.62	0.03607	0.0
-128.96154	47.66886	-	12.66	0.03607	0.0
-128.96147	47.66854	-	12.70	0.03607	0.0
-128.96140	47.66822	-	12.73	0.03607	0.0
-128.96139	47.66810	-	12.74	0.01252	0.0
-128.96138	47.66799	-	12.76	0.01252	0.0
-128.96136	47.66788	-	12.77	0.01252	0.0
-128.96135	47.66777	-	12.78	0.01252	0.0
-128.96134	47.66765	-	12.79	0.01252	0.0
-128.96133	47.66754	-	12.81	0.01252	0.0
-128.96132	47.66743	-	12.82	0.01252	0.0
-128.96130	47.66732	-	12.83	0.01252	0.0
-128.96129	47.66721	-	12.84	0.01252	0.0
-128.96128	47.66709	-	12.86	0.01252	0.0
-128.96127	47.66698	-	12.87	0.01252	0.0
-128.96126	47.66687	-	12.88	0.01252	0.0
-128.96124	47.66676	-	12.89	0.01252	0.0
-128.96123	47.66664	-	12.91	0.01252	0.0
-128.96122	47.66653	-	12.92	0.01252	0.0
-128.96121	47.66642	-	12.93	0.01252	0.0
-128.96120	47.66631	-	12.94	0.01252	0.0
-128.96118	47.66619	-	12.96	0.01252	0.0
-128.96117	47.66608	-	12.97	0.01252	0.0
-128.96116	47.66597	-	12.98	0.01252	0.0
-128.96115	47.66586	-	12.99	0.01252	0.0
-128.96114	47.66575	-	13.01	0.01252	0.0
-128.96113	47.66563	-	13.02	0.01252	0.0
-128.96111	47.66552	-	13.03	0.01252	0.0
-128.96110	47.66541	-	13.04	0.01252	0.0
-128.96109	47.66530	-	13.06	0.01252	0.0
-128.96108	47.66518	-	13.07	0.01252	0.0
-128.96107	47.66507	-	13.08	0.01252	0.0
-128.96105	47.66496	-	13.09	0.01252	0.0
-128.96104	47.66485	-	13.11	0.01252	0.0
-128.96103	47.66473	-	13.12	0.01252	0.0
-128.96102	47.66462	-	13.13	0.01252	0.0
-128.96101	47.66451	-	13.14	0.01252	0.0
-128.96099	47.66440	-	13.16	0.01252	0.0
-128.96098	47.66429	-	13.17	0.01252	0.0
-128.96097	47.66417	-	13.18	0.01252	0.0
-128.96096	47.66406	-	13.19	0.01252	0.0
-128.96095	47.66395	-	13.21	0.01252	0.0
-128.96093	47.66384	-	13.22	0.01252	0.0
-128.96092	47.66372	-	13.23	0.01252	0.0
-128.96091	47.66361	-	13.25	0.01252	0.0
-128.96090	47.66350	-	13.26	0.01252	0.0
-128.96089	47.66339	-	13.27	0.01252	0.0
-128.96087	47.66327	-	13.28	0.01252	0.0
-128.96086	47.66316	-	13.30	0.01252	0.0
-128.96085	47.66305	-	13.31	0.01252	0.0
-128.96084	47.66294	-	13.32	0.01252	0.0
-128.96083	47.66282	-	13.33	0.01252	0.0
-128.96082	47.66271	-	13.35	0.01252	0.0
-128.96080	47.66260	-	13.36	0.01252	0.0
-128.96079	47.66249	-	13.37	0.01252	0.0
-128.96078	47.66238	-	13.38	0.01252	0.0
-128.96077	47.66226	-	13.40	0.01252	0.0
-128.96076	47.66215	-	13.41	0.01252	0.0
-128.96074	47.66204	-	13.42	0.01252	0.0
-128.96073	47.66193	-	13.43	0.01252	0.0
-128.96072	47.66181	-	13.45	0.01252	0.0
-128.96071	47.66170	-	13.46	0.01252	0.0
-128.96070	47.66159	-	13.47	0.01252	0.0
-128.96068	47.66148	-	13.48	0.01252	0.0
-128.96067	47.66136	-	13.50	0.01252	0.0
-128.96066	47.66125	-	13.51	0.01252	0.0
-128.96065	47.66114	-	13.52	0.01252	0.0
-128.96064	47.66103	-	13.53	0.01252	0.0
-128.96062	47.66092	-	13.55	0.01252	0.0
-128.96061	47.66080	-	13.56	0.01252	0.0
-128.96060	47.66069	-	13.57	0.01252	0.0
-128.96059	47.66058	-	13.58	0.01252	0.0
-128.96058	47.66047	-	13.60	0.01252	0.0
-128.96057	47.66035	-	13.61	0.01252	0.0
-128.96055	47.66024	-	13.62	0.01252	0.0
-128.96054	47.66013	-	13.63	0.01252	0.0
-128.96053	47.66002	-	13.65	0.01252	0.0
-128.96052	47.65990	-	13.66	0.01252	0.0
-128.96051	47.65979	-	13.67	0.01252	0.0
-128.96049	47.65968	-	13.68	0.01252	0.0
-128.96048	47.65957	-	13.70	0.01252	0.0
-128.96047	47.65946	-	13.71	0.01252	0.0
-128.96046	47.65934	-	13.72	0.01252	0.0
-128.96045	47.65923	-	13.73	0.01252	0.0
-128.96043	47.65912	-	13.75	0.01252	0.0
-128.96042	47.65901	-	13.76	0.01252	0.0
-128.96041	47.65889	-	13.77	0.01252	0.0
-128.96040	47.65878	-	13.78	0.01252	0.0
-128.96039	47.65867	-	13.80	0.01252	0.0
-128.96037	47.65856	-	13.81	0.01252	0.0
-128.96036	47.65844	-	13.82	0.01252	0.0
-128.96035	47.65833	-	13.83	0.01252	0.0
-128.96034	47.65822	-	13.85	0.01252	0.0
-128.96033	47.65811	-	13.86	0.01252	0.0
-128.96032	47.65800	-	13.87	0.01252	0.0
-128.96030	47.65788	-	13.88	0.01252	0.0
-128.96029	47.65777	-	13.90	0.01252	0.0
-128.96028	47.65766	-	13.91	0.01252	0.0
-128.96027	47.65755	-	13.92	0.01252	0.0
-128.96026	47.65743	-	13.93	0.01252	0.0
-128.96024	47.65732	-	13.95	0.01252	0.0
-128.96023	47.65721	-	13.96	0.01252	0.0
-128.96022	47.65710	-	13.97	0.01252	0.0
-128.96022	47.65698	-	13.98	0.01249	0.0
-128.96022	47.65687	-	14.00	0.01249	0.0
-128.96022	47.65676	-	14.01	0.01249	0.0
-128.96022	47.65665	-	14.02	0.01249	0.0
-128.96022	47.65653	-	14.03	0.01249	0.0
-128.96022	47.65642	-	14.05	0.01249	0.0
-128.96022	47.65631	-	14.06	0.01249	0.0
-128.96022	47.65620	-	14.07	0.01249	0.0
-128.96022	47.65609	-	14.08	0.01249	0.0
-128.96022	47.65597	-	14.10	0.01249	0.0
-128.96022	47.65586	-	14.11	0.01249	0.0
-128.96022	47.65575	-	14.12	0.01249	0.0
-128.96022	47.65564	-	14.13	0.01249	0.0
-128.96022	47.65552	-	14.15	0.01249	0.0
-128.96022	47.65541	-	14.16	0.01249	0.0
-128.96022	47.65530	-	14.17	0.01249	0.0
-128.96022	47.65519	-	14.18	0.01249	0.0
-128.96022	47.65507	-	14.20	0.01249	0.0
-128.96022	47.65496	-	14.21	0.01249	0.0
-128.96022	47.65485	-	14.22	0.01249	0.0
-128.96022	47.65474	-	14.23	0.01249	0.0
-128.96022	47.65462	-	14.25	0.01249	0.0
-128.96022	47.65451	-	14.26	0.01249	0.0
-128.96022	47.65440	-	14.27	0.01249	0.0
-128.96022	47.65429	-	14.28	0.01249	0.0
-128.96022	47.65418	-	14.30	0.01249	0.0
-128.96022	47.65406	-	14.31	0.01249	0.0
-128.96022	47.65395	-	14.32	0.01249	0.0
-128.96022	47.65384	-	14.33	0.01249	0.0
-128.96022	47.65373	-	14.35	0.01249	0.0
-128.96022	47.65361	-	14.36	0.01249	0.0
-128.96022	47.65350	-	14.37	0.01249	0.0
-128.96022	47.65339	-	14.38	0.01249	0.0
-128.96022	47.65328	-	14.40	0.01249	0.0
-128.96022	47.65316	-	14.41	0.01249	0.0
-128.96022	47.65305	-	14.42	0.01249	0.0
-128.96022	47.65294	-	14.43	0.01249	0.0
-128.96022	47.65283	-	14.45	0.01249	0.0
-128.96022	47.65272	-	14.46	0.01249	0.0
-128.96022	47.65260	-	14.47	0.01249	0.0
-128.96022	47.65249	-	14.48	0.01249	0.0
-128.96022	47.65238	-	14.50	0.01249	0.0
-128.96022	47.65227	-	14.51	0.01249	0.0
-128.96022	47.65215	-	14.52	0.01249	0.0
-128.96022	47.65204	-	14.53	0.01249	0.0
-128.96022	47.65193	-	14.55	0.01249	0.0
-128.96022	47.65182	-	14.56	0.01249	0.0
-128.96022	47.65170	-	14.57	0.01249	0.0
-128.96022	47.65159	-	14.58	0.01249	0.0
-128.96022	47.65148	-	14.60	0.01249	0.0
-128.96022	47.65137	-	14.61	0.01249	0.0
-128.96022	47.65125	-	14.62	0.01249	0.0
-128.96022	47.65114	-	14.63	0.01249	0.0
-128.96022	47.65103	-	14.65	0.01249	0.0
-128.96022	47.65092	-	14.66	0.01249	0.0
-128.96022	47.65081	-	14.67	0.01249	0.0
-128.96022	47.65069	-	14.68	0.01249	0.0
-128.96022	47.65058	-	14.70	0.01249	0.0
-128.96022	47.65047	-	14.71	0.01249	0.0
-128.96022	47.65036	-	14.72	0.01249	0.0
-128.96022	47.65024	-	14.73	0.01249	0.0
-128.96022	47.65013	-	14.75	0.01249	0.0
-128.96022	47.65002	-	14.76	0.01249	0.0
-128.96022	47.64991	-	14.77	0.01249	0.0
-128.96022	47.64979	-	14.78	0.01249	0.0
-128.96022	47.64968	-	14.80	0.01249	0.0
-128.96022	47.64957	-	14.81	0.01249	0.0
-128.96022	47.64946	-	14.82	0.01249	0.0
-128.96022	47.64934	-	14.83	0.01249	0.0
-128.96022	47.64923	-	14.85	0.01249	0.0
-128.96022	47.64912	-	14.86	0.01249	0.0
-128.96022	47.64901	-	14.87	0.01249	0.0
-128.96022	47.64890	-	14.88	0.01249	0.0
-128.96022	47.64878	-	14.90	0.01249	0.0
-128.96022	47.64867	-	14.91	0.01249	0.0
-128.96022	47.64856	-	14.92	0.01249	0.0
-128.96022	47.64845	-	14.93	0.01249	0.0
-128.96022	47.64833	-	14.95	0.01249	0.0
-128.96022	47.64822	-	14.96	0.01249	0.0
-128.96022	47.64811	-	14.97	0.01249	0.0
-128.96022	47.64800	-	14.98	0.01249	0.0
-128.96022	47.64788	-	15.00	0.01249	0.0
-128.96022	47.64777	-	15.01	0.01249	0.0
-128.96022	47.64766	-	15.02	0.01249	0.0
-128.96022	47.64755	-	15.03	0.01249	0.0
-128.96022	47.64743	-	15.05	0.01249	0.0
-128.96022	47.64732	-	15.06	0.01249	0.0
-128.96022	47.64721	-	15.07	0.01249	0.0
-128.96022	47.64710	-	15.08	0.01249	0.0
-128.96022	47.64699	-	15.10	0.01249	0.0
-128.96022	47.64687	-	15.11	0.01249	0.0
-128.96022	47.64676	-	15.12	0.01249	0.0
-128.96022	47.64665	-	15.13	0.01249	0.0
-128.96022	47.64654	-	15.15	0.01249	0.0
-128.96022	47.64642	-	15.16	0.01249	0.0
-128.96022	47.64631	-	15.17	0.01249	0.0
-128.96022	47.64620	-	15.18	0.01249	0.0
-128.96022	47.64609	-	15.20	0.01249	0.0
-128.96022	47.64597	-	15.21	0.01249	0.0
-128.96023	47.64580	-	15.23	0.01966	0.0
-128.96024	47.64562	-	15.25	0.01966	0.0
-128.96026	47.64544	-	15.27	0.01966	0.0
-128.96027	47.64527	-	15.29	0.01966	0.0
-128.96028	47.64509	-	15.31	0.01966	0.0
-128.96029	47.64491	-	15.33	0.01966	0.0
-128.96030	47.64474	-	15.35	0.01966	0.0
-128.96032	47.64456	-	15.37	0.01966	0.0
-128.96033	47.64438	-	15.38	0.01966	0.0
-128.96034	47.64421	-	15.40	0.01966	0.0
-128.96035	47.64403	-	15.42	0.01966	0.0
-128.96036	47.64386	-	15.44	0.01966	0.0
-128.96037	47.64368	-	15.46	0.01966	0.0
-128.96039	47.64350	-	15.48	0.01966	0.0
-128.96040	47.64333	-	15.50	0.01966	0.0
-128.96041	47.64315	-	15.52	0.01966	0.0
-128.96042	47.64297	-	15.54	0.01966	0.0
-128.96043	47.64280	-	15.56	0.01966	0.0
-128.96045	47.64262	-	15.58	0.01966	0.0
-128.96046	47.64244	-	15.60	0.01966	0.0
-128.96047	47.64227	-	15.62	0.01966	0.0
-128.96048	47.64209	-	15.64	0.01966	0.0
-128.96049	47.64191	-	15.66	0.01966	0.0
-128.96051	47.64174	-	15.68	0.01966	0.0
-128.96052	47.64156	-	15.70	0.01966	0.0
-128.96053	47.64138	-	15.72	0.01966	0.0
-128.96054	47.64121	-	15.74	0.01966	0.0
-128.96055	47.64103	-	15.76	0.01966	0.0
-128.96057	47.64085	-	15.78	0.01966	0.0
-128.96058	47.64068	-	15.80	0.01966	0.0
-128.96059	47.64050	-	15.82	0.01966	0.0
-128.96060	47.64032	-	15.84	0.01966	0.0
-128.96061	47.64015	-	15.86	0.01966	0.0
-128.96062	47.63997	-	15.88	0.01966	0.0
-128.96064	47.63979	-	15.90	0.01966	0.0
-128.96065	47.63962	-	15.92	0.01966	0.0
-128.96066	47.63944	-	15.94	0.01966	0.0
-128.96067	47.63926	-	15.95	0.01966	0.0
-128.96068	47.63909	-	15.97	0.01966	0.0
-128.96070	47.63891	-	15.99	0.01966	0.0
-128.96071	47.63873	-	16.01	0.01966	0.0
-128.96072	47.63856	-	16.03	0.01966	0.0
-128.96073	47.63838	-	16.05	0.01966	0.0
-128.96074	47.63820	-	16.07	0.01966	0.0
-128.96076	47.63803	-	16.09	0.01966	0.0
-128.96077	47.63785	-	16.11	0.01966	0.0
-128.96078	47.63767	-	16.13	0.01966	0.0
-128.96079	47.63750	-	16.15	0.01966	0.0
-128.96080	47.63732	-	16.17	0.01966	0.0
-128.96082	47.63714	-	16.19	0.01966	0.0
-128.96083	47.63697	-	16.21	0.01966	0.0
-128.96084	47.63679	-	16.23	0.01966	0.0
-128.96085	47.63661	-	16.25	0.01966	0.0
-128.96086	47.63644	-	16.27	0.01966	0.0
-128.96088	47.63626	-	16.29	0.01966	0.0
-128.96089	47.63609	-	16.31	0.01966	0.0
-128.96090	47.63591	-	16.33	0.01966	0.0
-128.96091	47.63573	-	16.35	0.01966	0.0
-128.96092	47.63556	-	16.37	0.01966	0.0
-128.96093	47.63538	-	16.39	0.01966	0.0
-128.96095	47.63520	-	16.41	0.01966	0.0
-128.96096	47.63503	-	16.43	0.01966	0.0
-128.96097	47.63485	-	16.45	0.01966	0.0
-128.96098	47.63467	-	16.47	0.01966	0.0
-128.96099	47.63450	-	16.49	0.01966	0.0
-128.96101	47.63432	-	16.51	0.01966	0.0
-128.96102	47.63414	-	16.53	0.01966	0.0
-128.96103	47.63397	-	16.54	0.01966	0.0
-128.96104	47.63379	-	16.56	0.01966	0.0
-128.96105	47.63361	-	16.58	0.01966	0.0
-128.96107	47.63344	-	16.60	0.01966	0.0
-128.96108	47.63326	-	16.62	0.01966	0.0
-128.96109	47.63308	-	16.64	0.01966	0.0
-128.96110	47.63291	-	16.66	0.01966	0.0
-128.96111	47.63273	-	16.68	0.01966	0.0
-128.96113	47.63255	-	16.70	0.01966	0.0
-128.96114	47.63238	-	16.72	0.01966	0.0
-128.96115	47.63220	-	16.74	0.01966	0.0
-128.96116	47.63202	-	16.76	0.01966	0.0
-128.96117	47.63185	-	16.78	0.01966	0.0
-128.96118	47.63167	-	16.80	0.01966	0.0
-128.96120	47.63149	-	16.82	0.01966	0.0
-128.96121	47.63132	-	16.84	0.01966	0.0
-128.96122	47.63114	-	16.86	0.01966	0.0
-128.96123	47.63096	-	16.88	0.01966	0.0
-128.96124	47.63079	-	16.90	0.01966	0.0
-128.96126	47.63061	-	16.92	0.01966	0.0
-128.96127	47.63043	-	16.94	0.01966	0.0
-128.96128	47.63026	-	16.96	0.01966	0.0
-128.96129	47.63008	-	16.98	0.01966	0.0
-128.96130	47.62990	-	17.00	0.01966	0.0
-128.96132	47.62973	-	17.02	0.01966	0.0
-128.96133	47.62955	-	17.04	0.01966	0.0
-128.96134	47.62937	-	17.06	0.01966	0.0
-128.96135	47.62920	-	17.08	0.01966	0.0
-128.96136	47.62902	-	17.10	0.01966	0.0
-128.96138	47.62884	-	17.11	0.01966	0.0
-128.96139	47.62867	-	17.13	0.01966	0.0
-128.96140	47.62849	-	17.15	0.01966	0.0
-128.96143	47.62822	-	17.18	0.03047	0.0
-128.96146	47.62795	-	17.21	0.03047	0.0
-128.96149	47.62767	-	17.25	0.03047	0.0
-128.96152	47.62740	-	17.28	0.03047	0.0
-128.96155	47.62713	-	17.31	0.03047	0.0
-128.96158	47.62685	-	17.34	0.03047	0.0
-128.96161	47.62658	-	17.37	0.03047	0.0
-128.96163	47.62631	-	17.40	0.03047	0.0
-128.96166	47.62603	-	17.43	0.03047	0.0
-128.96169	47.62576	-	17.46	0.03047	0.0
-128.96172	47.62549	-	17.49	0.03047	0.0
-128.96175	47.62521	-	17.52	0.03047	0.0
-128.96178	47.62494	-	17.55	0.03047	0.0
-128.96181	47.62467	-	17.58	0.03047	0.0
-128.96184	47.62439	-	17.61	0.03047	0.0
-128.96187	47.62412	-	17.64	0.03047	0.0
-128.96190	47.62385	-	17.67	0.03047	0.0
-128.96193	47.62357	-	17.70	0.03047	0.0
-128.96196	47.62330	-	17.73	0.03047	0.0
-128.96199	47.62303	-	17.76	0.03047	0.0
-128.96202	47.62275	-	17.79	0.03047	0.0
-128.96205	47.62248	-	17.82	0.03047	0.0
-128.96208	47.62221	-	17.85	0.03047	0.0
-128.96211	47.62193	-	17.89	0.03047	0.0
-128.96214	47.62166	-	17.92	0.03047	0.0
-128.96216	47.62139	-	17.95	0.03047	0.0
-128.96219	47.62111	-	17.98	0.03047	0.0
-128.96222	47.62084	-	18.01	0.03047	0.0
-128.96225	47.62057	-	18.04	0.03047	0.0
-128.96228	47.62029	-	18.07	0.03047	0.0
-128.96231	47.62002	-	18.10	0.03047	0.0
-128.96234	47.61975	-	18.13	0.03047	0.0
-128.96237	47.61947	-	18.16	0.03047	0.0
-128.96240	47.61920	-	18.19	0.03047	0.0
-128.96243	47.61893	-	18.22	0.03047	0.0
-128.96246	47.61865	-	18.25	0.03047	0.0
-128.96249	47.61838	-	18.28	0.03047	0.0
-128.96252	47.61811	-	18.31	0.03047	0.0
-128.96255	47.61783	-	18.34	0.03047	0.0
-128.96258	47.61756	-	18.37	0.03047	0.0
-128.96261	47.61729	-	18.40	0.03047	0.0
-128.96264	47.61701	-	18.43	0.03047	0.0
-128.96267	47.61674	-	18.46	0.03047	0.0
-128.96269	47.61647	-	18.49	0.03047	0.0
-128.96272	47.61619	-	18.53	0.03047	0.0
-128.96275	47.61592	-	18.56	0.03047	0.0
-128.96278	47.61565	-	18.59	0.03047	0.0
-128.96281	47.61537	-	18.62	0.03047	0.0
-128.96284	47.61510	-	18.65	0.03047	0.0
-128.96287	47.61483	-	18.68	0.03047	0.0
-128.96290	47.61455	-	18.71	0.03047	0.0
-128.96293	47.61428	-	18.74	0.03047	0.0
-128.96296	47.61401	-	18.77	0.03047	0.0
-128.96299	47.61373	-	18.80	0.03047	0.0
-128.96302	47.61346	-	18.83	0.03047	0.0
-128.96305	47.61319	-	18.86	0.03047	0.0
-128.96308	47.61291	-	18.89	0.03047	0.0
-128.96311	47.61264	-	18.92	0.03047	0.0
-128.96314	47.61237	-	18.95	0.03047	0.0
-128.96317	47.61209	-	18.98	0.03047	0.0
-128.96319	47.61182	-	19.01	0.03047	0.0
-128.96322	47.61155	-	19.04	0.03047	0.0
-128.96325	47.61127	-	19.07	0.03047	0.0
-128.96328	47.61100	-	19.10	0.03047	0.0
-128.96331	47.61073	-	19.13	0.03047	0.0
-128.96334	47.61045	-	19.17	0.03047	0.0
-128.96337	47.61018	-	19.20	0.03047	0.0
-128.96340	47.60991	-	19.23	0.03047	0.0
-128.96343	47.60963	-	19.26	0.03047	0.0
-128.96346	47.60936	-	19.29	0.03047	0.0
-128.96349	47.60909	-	19.32	0.03047	0.0
-128.96352	47.60881	-	19.35	0.03047	0.0
-128.96355	47.60854	-	19.38	0.03047	0.0
-128.96358	47.60827	-	19.41	0.03047	0.0
-128.96361	47.60799	-	19.44	0.03047	0.0
-128.96364	47.60772	-	19.47	0.03047	0.0
-128.96367	47.60745	-	19.50	0.03047	0.0
-128.96370	47.60717	-	19.53	0.03047	0.0
-128.96372	47.60690	-	19.56	0.03047	0.0
-128.96375	47.60663	-	19.59	0.03047	0.0
-128.96378	47.60635	-	19.62	0.03047	0.0
-128.96381	47.60608	-	19.65	0.03047	0.0
-128.96384	47.60581	-	19.68	0.03047	0.0
-128.96387	47.60553	-	19.71	0.03047	0.0
-128.96390	47.60526	-	19.74	0.03047	0.0
-128.96393	47.60499	-	19.77	0.03047	0.0
-128.96396	47.60471	-	19.80	0.03047	0.0
-128.96399	47.60444	-	19.84	0.03047	0.0
-128.96402	47.60417	-	19.87	0.03047	0.0
-128.96405	47.60389	-	19.90	0.03047	0.0
-128.96408	47.60362	-	19.93	0.03047	0.0
-128.96411	47.60335	-	19.96	0.03047	0.0
-128.96414	47.60307	-	19.99	0.03047	0.0
-128.96417	47.60280	-	20.02	0.03047	0.0
-128.96420	47.60253	-	20.05	0.03047	0.0
-128.96422	47.60225	-	20.08	0.03047	0.0
-128.96425	47.60198	-	20.11	0.03047	0.0
-128.96428	47.60171	-	20.14	0.03047	0.0
-128.96431	47.60143	-	20.17	0.03047	0.0
-128.96431	47.60118	-	20.20	0.02804	0.0
-128.96431	47.60093	-	20.23	0.02804	0.0
-128.96431	47.60068	-	20.25	0.02804	0.0
-128.96431	47.60042	-	20.28	0.02804	0.0
-128.96431	47.60017	-	20.31	0.02804	0.0
-128.96431	47.59992	-	20.34	0.02804	0.0
-128.96431	47.59967	-	20.37	0.02804	0.0
-128.96431	47.59942	-	20.39	0.02804	0.0
-128.96431	47.59916	-	20.42	0.02804	0.0
-128.96431	47.59891	-	20.45	0.02804	0.0
-128.96431	47.59866	-	20.48	0.02804	0.0
-128.96431	47.59841	-	20.51	0.02804	0.0
-128.96431	47.59816	-	20.54	0.02804	0.0
-128.96431	47.59790	-	20.56	0.02804	0.0
-128.96431	47.59765	-	20.59	0.02804	0.0
-128.96431	47.59740	-	20.62	0.02804	0.0
-128.96431	47.59715	-	20.65	0.02804	0.0
-128.96431	47.59689	-	20.68	0.02804	0.0
-128.96431	47.59664	-	20.70	0.02804	0.0
-128.96431	47.59639	-	20.73	0.02804	0.0
-128.96431	47.59614	-	20.76	0.02804	0.0
-128.96431	47.59589	-	20.79	0.02804	0.0
-128.96431	47.59563	-	20.82	0.02804	0.0
-128.96431	47.59538	-	20.84	0.02804	0.0
-128.96431	47.59513	-	20.87	0.02804	0.0
-128.96431	47.59488	-	20.90	0.02804	0.0
-128.96431	47.59462	-	20.93	0.02804	0.0
-128.96431	47.59437	-	20.96	0.02804	0.0
-128.96431	47.59412	-	20.98	0.02804	0.0
-128.96431	47.59387	-	21.01	0.02804	0.0
-128.96431	47.59362	-	21.04	0.02804	0.0
-128.96431	47.59336	-	21.07	0.02804	0.0
-128.96431	47.59311	-	21.10	0.02804	0.0
-128.96431	47.59286	-	21.12	0.02804	0.0
-128.96431	47.59261	-	21.15	0.02804	0.0
-128.96431	47.59236	-	21.18	0.02804	0.0
-128.96431	47.59210	-	21.21	0.02804	0.0
-128.96431	47.59185	-	21.24	0.02804	0.0
-128.96431	47.59160	-	21.26	0.02804	0.0
-128.96431	47.59135	-	21.29	0.02804	0.0
-128.96431	47.59109	-	21.32	0.02804	0.0
-128.96431	47.59084	-	21.35	0.02804	0.0
-128.96431	47.59059	-	21.38	0.02804	0.0
-128.96431	47.59034	-	21.40	0.02804	0.0
-128.96431	47.59009	-	21.43	0.02804	0.0
-128.96431	47.58983	-	21.46	0.02804	0.0
-128.96431	47.58958	-	21.49	0.02804	0.0
-128.96431	47.58933	-	21.52	0.02804	0.0
-128.96431	47.58908	-	21.54	0.02804	0.0
-128.96431	47.58882	-	21.57	0.02804	0.0
-128.96431	47.58857	-	21.60	0.02804	0.0
-128.96431	47.58832	-	21.63	0.02804	0.0
-128.96431	47.58807	-	21.66	0.02804	0.0
-128.96431	47.58782	-	21.68	0.02804	0.0
-128.96431	47.58756	-	21.71	0.02804	0.0
-128.96431	47.58731	-	21.74	0.02804	0.0
-128.96431	47.58706	-	21.77	0.02804	0.0
-128.96431	47.58681	-	21.80	0.02804	0.0
-128.96431	47.58655	-	21.83	0.02804	0.0
-128.96431	47.58630	-	21.85	0.02804	0.0
-128.96431	47.58605	-	21.88	0.02804	0.0
-128.96431	47.58580	-	21.91	0.02804	0.0
-128.96431	47.58555	-	21.94	0.02804	0.0
-128.96431	47.58529	-	21.97	0.02804	0.0
-128.96431	47.58504	-	21.99	0.02804	0.0
-128.96431	47.58479	-	22.02	0.02804	0.0
-128.96431	47.58454	-	22.05	0.02804	0.0
-128.96431	47.58429	-	22.08	0.02804	0.0
-128.96431	47.58403	-	22.11	0.02804	0.0
-128.96431	47.58378	-	22.13	0.02804	0.0
-128.96431	47.58353	-	22.16	0.02804	0.0
-128.96431	47.58328	-	22.19	0.02804	0.0
-128.96431	47.58302	-	22.22	0.02804	0.0
-128.96431	47.58277	-	22.25	0.02804	0.0
-128.96431	47.58252	-	22.27	0.02804	0.0
-128.96431	47.58227	-	22.30	0.02804	0.0
-128.96431	47.58202	-	22.33	0.02804	0.0
-128.96431	47.58176	-	22.36	0.02804	0.0
-128.96431	47.58151	-	22.39	0.02804	0.0
-128.96431	47.58126	-	22.41	0.02804	0.0
-128.96431	47.58101	-	22.44	0.02804	0.0
-128.96431	47.58075	-	22.47	0.02804	0.0
-128.96431	47.58050	-	22.50	0.02804	0.0
-128.96431	47.58025	-	22.53	0.02804	0.0
-128.96431	47.58000	-	22.55	0.02804	0.0
-128.96431	47.57975	-	22.58	0.02804	0.0
-128.96431	47.57949	-	22.61	0.02804	0.0
-128.96431	47.57924	-	22.64	0.02804	0.0
-128.96431	47.57899	-	22.67	0.02804	0.0
-128.96431	47.57874	-	22.69	0.02804	0.0
-128.96431	47.57849	-	22.72	0.02804	0.0
-128.96431	47.57823	-	22.75	0.02804	0.0
-128.96431	47.57798	-	22.78	0.02804	0.0
-128.96431	47.57773	-	22.81	0.02804	0.0
-128.96431	47.57748	-	22.83	0.02804	0.0
-128.96431	47.57722	-	22.86	0.02804	0.0
-128.96431	47.57697	-	22.89	0.02804	0.0
-128.96431	47.57672	-	22.92	0.02804	0.0
-128.96431	47.57647	-	22.95	0.02804	0.0
-128.96431	47.57625	-	22.97	0.02439	0.0
-128.96431	47.57603	-	23.00	0.02439	0.0
-128.96431	47.57581	-	23.02	0.02439	0.0
-128.96431	47.57559	-	23.04	0.02439	0.0
-128.96431	47.57537	-	23.07	0.02439	0.0
-128.96431	47.57515	-	23.09	0.02439	0.0
-128.96431	47.57493	-	23.12	0.02439	0.0
-128.96431	47.57471	-	23.14	0.02439	0.0
-128.96431	47.57449	-	23.17	0.02439	0.0
-128.96431	47.57427	-	23.19	0.02439	0.0
-128.96431	47.57405	-	23.22	0.02439	0.0
-128.96431	47.57383	-	23.24	0.02439	0.0
-128.96431	47.57362	-	23.26	0.02439	0.0
-128.96431	47.57340	-	23.29	0.02439	0.0
-128.96431	47.57318	-	23.31	0.02439	0.0
-128.96431	47.57296	-	23.34	0.02439	0.0
-128.96431	47.57274	-	23.36	0.02439	0.0
-128.96431	47.57252	-	23.39	0.02439	0.0
-128.96431	47.57230	-	23.41	0.02439	0.0
-128.96431	47.57208	-	23.43	0.02439	0.0
-128.96431	47.57186	-	23.46	0.02439	0.0
-128.96431	47.57164	-	23.48	0.02439	0.0
-128.96431	47.57142	-	23.51	0.02439	0.0
-128.96431	47.57120	-	23.53	0.02439	0.0
-128.96431	47.57098	-	23.56	0.02439	0.0
-128.96431	47.57076	-	23.58	0.02439	0.0
-128.96431	47.57054	-	23.61	0.02439	0.0
-128.96431	47.57032	-	23.63	0.02439	0.0
-128.96431	47.57011	-	23.65	0.02439	0.0
-128.96431	47.56989	-	23.68	0.02439	0.0
-128.96431	47.56967	-	23.70	0.02439	0.0
-128.96431	47.56945	-	23.73	0.02439	0.0
-128.96431	47.56923	-	23.75	0.02439	0.0
-128.96431	47.56901	-	23.78	0.02439	0.0
-128.96431	47.56879	-	23.80	0.02439	0.0
-128.96431	47.56857	-	23.82	0.02439	0.0
-128.96431	47.56835	-	23.85	0.02439	0.0
-128.96431	47.56813	-	23.87	0.02439	0.0
-128.96431	47.56791	-	23.90	0.02439	0.0
-128.96431	47.56769	-	23.92	0.02439	0.0
-128.96431	47.56747	-	23.95	0.02439	0.0
-128.96431	47.56725	-	23.97	0.02439	0.0
-128.96431	47.56703	-	24.00	0.02439	0.0
-128.96431	47.56681	-	24.02	0.02439	0.0
-128.96431	47.56660	-	24.04	0.02439	0.0
-128.96431	47.56638	-	24.07	0.02439	0.0
-128.96431	47.56616	-	24.09	0.02439	0.0
-128.96431	47.56594	-	24.12	0.02439	0.0
-128.96431	47.56572	-	24.14	0.02439	0.0
-128.96431	47.56550	-	24.17	0.02439	0.0
-128.96431	47.56528	-	24.19	0.02439	0.0
-128.96431	47.56506	-	24.22	0.02439	0.0
-128.96431	47.56484	-	24.24	0.02439	0.0
-128.96431	47.56462	-	24.26	0.02439	0.0
-128.96431	47.56440	-	24.29	0.02439	0.0
-128.96431	47.56418	-	24.31	0.02439	0.0
-128.96431	47.56396	-	24.34	0.02439	0.0
-128.96431	47.56374	-	24.36	0.02439	0.0
-128.96431	47.56352	-	24.39	0.02439	0.0
-128.96431	47.56330	-	24.41	0.02439	0.0
-128.96431	47.56308	-	24.43	0.02439	0.0
-128.96431	47.56287	-	24.46	0.02439	0.0
-128.96431	47.56265	-	24.48	0.02439	0.0
-128.96431	47.56243	-	24.51	0.02439	0.0
-128.96431	47.56221	-	24.53	0.02439	0.0
-128.96431	47.56199	-	24.56	0.02439	0.0
-128.96431	47.56177	-	24.58	0.02439	0.0
-128.96431	47.56155	-	24.61	0.02439	0.0
-128.96431	47.56133	-	24.63	0.02439	0.0
-128.96431	47.56111	-	24.65	0.02439	0.0
-128.96431	47.56089	-	24.68	0.02439	0.0
-128.96431	47.56067	-	24.70	0.02439	0.0
-128.96431	47.56045	-	24.73	0.02439	0.0
-128.96431	47.56023	-	24.75	0.02439	0.0
-128.96431	47.56001	-	24.78	0.02439	0.0
-128.96431	47.55979	-	24.80	0.02439	0.0
-128.96431	47.55957	-	24.83	0.02439	0.0
-128.96431	47.55936	-	24.85	0.02439	0.0
-128.96431	47.55914	-	24.87	0.02439	0.0
-128.96431	47.55892	-	24.90	0.02439	0.0
-128.96431	47.55870	-	24.92	0.02439	0.0
-128.96431	47.55848	-	24.95	0.02439	0.0
-128.96431	47.55826	-	24.97	0.02439	0.0
-128.96431	47.55804	-	25.00	0.02439	0.0
-128.96431	47.55782	-	25.02	0.02439	0.0
-128.96431	47.55760	-	25.04	0.02439	0.0
-128.96431	47.55738	-	25.07	0.02439	0.0
-128.96431	47.55716	-	25.09	0.02439	0.0
-128.96431	47.55694	-	25.12	0.02439	0.0
-128.96431	47.55672	-	25.14	0.02439	0.0
-128.96431	47.55650	-	25.17	0.02439	0.0
-128.96431	47.55628	-	25.19	0.02439	0.0
-128.96431	47.55606	-	25.22	0.02439	0.0
-128.96431	47.55585	-	25.24	0.02439	0.0
-128.96431	47.55563	-	25.26	0.02439	0.0
-128.96431	47.55541	-	25.29	0.02439	0.0
-128.96431	47.55519	-	25.31	0.02439	0.0
-128.96431	47.55497	-	25.34	0.02439	0.0
-128.96431	47.55475	-	25.36	0.02439	0.0
-128.96430	47.55457	-	25.38	0.01956	0.0
-128.96428	47.55440	-	25.40	0.01956	0.0
-128.96426	47.55422	-	25.42	0.01956	0.0
-128.96425	47.55405	-	25.44	0.01956	0.0
-128.96423	47.55387	-	25.46	0.01956	0.0
-128.96422	47.55369	-	25.48	0.01956	0.0
-128.96420	47.55352	-	25.50	0.01956	0.0
-128.96418	47.55334	-	25.52	0.01956	0.0
-128.96417	47.55317	-	25.54	0.01956	0.0
-128.96415	47.55299	-	25.56	0.01956	0.0
-128.96413	47.55282	-	25.58	0.01956	0.0
-128.96412	47.55264	-	25.60	0.01956	0.0
-128.96410	47.55247	-	25.62	0.01956	0.0
-128.96409	47.55229	-	25.64	0.01956	0.0
-128.96407	47.55211	-	25.66	0.01956	0.0
-128.96405	47.55194	-	25.67	0.01956	0.0
-128.96404	47.55176	-	25.69	0.01956	0.0
-128.96402	47.55159	-	25.71	0.01956	0.0
-128.96400	47.55141	-	25.73	0.01956	0.0
-128.96399	47.55124	-	25.75	0.01956	0.0
-128.96397	47.55106	-	25.77	0.01956	0.0
-128.96396	47.55089	-	25.79	0.01956	0.0
-128.96394	47.55071	-	25.81	0.01956	0.0
-128.96392	47.55053	-	25.83	0.01956	0.0
-128.96391	47.55036	-	25.85	0.01956	0.0
-128.96389	47.55018	-	25.87	0.01956	0.0
-128.96387	47.55001	-	25.89	0.01956	0.0
-128.96386	47.54983	-	25.91	0.01956	0.0
-128.96384	47.54966	-	25.93	0.01956	0.0
-128.96383	47.54948	-	25.95	0.01956	0.0
-128.96381	47.54931	-	25.97	0.01956	0.0
-128.96379	47.54913	-	25.99	0.01956	0.0
-128.96378	47.54895	-	26.01	0.01956	0.0
-128.96376	47.54878	-	26.03	0.01956	0.0
-128.96374	47.54860	-	26.05	0.01956	0.0
-128.96373	47.54843	-	26.07	0.01956	0.0
-128.96371	47.54825	-	26.09	0.01956	0.0
-128.96369	47.54808	-	26.11	0.01956	0.0
-128.96368	47.54790	-	26.12	0.01956	0.0
-128.96366	47.54773	-	26.14	0.01956	0.0
-128.96365	47.54755	-	26.16	0.01956	0.0
-128.96363	47.54737	-	26.18	0.01956	0.0
-128.96361	47.54720	-	26.20	0.01956	0.0
-128.96360	47.54702	-	26.22	0.01956	0.0
-128.96358	47.54685	-	26.24	0.01956	0.0
-128.96356	47.54667	-	26.26	0.01956	0.0
-128.96355	47.54650	-	26.28	0.01956	0.0
-128.96353	47.54632	-	26.30	0.01956	0.0
-128.96352	47.54615	-	26.32	0.01956	0.0
-128.96350	47.54597	-	26.34	0.01956	0.0
-128.96348	47.54579	-	26.36	0.01956	0.0
-128.96347	47.54562	-	26.38	0.01956	0.0
-128.96345	47.54544	-	26.40	0.01956	0.0
-128.96343	47.54527	-	26.42	0.01956	0.0
-128.96342	47.54509	-	26.44	0.01956	0.0
-128.96340	47.54492	-	26.46	0.01956	0.0
-128.96339	47.54474	-	26.48	0.01956	0.0
-128.96337	47.54456	-	26.50	0.01956	0.0
-128.96335	47.54439	-	26.52	0.01956	0.0
-128.96334	47.54421	-	26.54	0.01956	0.0
-128.96332	47.54404	-	26.56	0.01956	0.0
-128.96330	47.54386	-	26.57	0.01956	0.0
-128.96329	47.54369	-	26.59	0.01956	0.0
-128.96327	47.54351	-	26.61	0.01956	0.0
-128.96326	47.54334	-	26.63	0.01956	0.0
-128.96324	47.54316	-	26.65	0.01956	0.0
-128.96322	47.54298	-	26.67	0.01956	0.0
-128.96321	47.54281	-	26.69	0.01956	0.0
-128.96319	47.54263	-	26.71	0.01956	0.0
-128.96317	47.54246	-	26.73	0.01956	0.0
-128.96316	47.54228	-	26.75	0.01956	0.0
-128.96314	47.54211	-	26.77	0.01956	0.0
-128.96313	47.54193	-	26.79	0.01956	0.0
-128.96311	47.54176	-	26.81	0.01956	0.0
-128.96309	47.54158	-	26.83	0.01956	0.0
-128.96308	47.54140	-	26.85	0.01956	0.0
-128.96306	47.54123	-	26.87	0.01956	0.0
-128.96304	47.54105	-	26.89	0.01956	0.0
-128.96303	47.54088	-	26.91	0.01956	0.0
-128.96301	47.54070	-	26.93	0.01956	0.0
-128.96300	47.54053	-	26.95	0.01956	0.0
-128.96298	47.54035	-	26.97	0.01956	0.0
-128.96296	47.54018	-	26.99	0.01956	0.0
-128.96295	47.54000	-	27.00	0.01956	0.0
-128.96293	47.53982	-	27.02	0.01956	0.0
-128.96291	47.53965	-	27.04	0.01956	0.0
-128.96290	47.53947	-	27.06	0.01956	0.0
-128.96288	47.53930	-	27.08	0.01956	0.0
-128.96287	47.53912	-	27.10	0.01956	0.0
-128.96285	47.53895	-	27.12	0.01956	0.0
-128.96283	47.53877	-	27.14	0.01956	0.0
-128.96282	47.53860	-	27.16	0.01956	0.0
-128.96280	47.53842	-	27.18	0.01956	0.0
-128.96278	47.53824	-	27.20	0.01956	0.0
-128.96277	47.53807	-	27.22	0.01956	0.0
-128.96275	47.53789	-	27.24	0.01956	0.0
-128.96274	47.53772	-	27.26	0.01956	0.0
-128.96272	47.53754	-	27.28	0.01956	0.0
-128.96270	47.53737	-	27.30	0.01956	0.0
-128.96272	47.53706	-	27.33	0.03420	0.0
-128.96274	47.53675	-	27.37	0.03420	0.0
-128.96275	47.53644	-	27.40	0.03420	0.0
-128.96277	47.53614	-	27.44	0.03420	0.0
-128.96278	47.53583	-	27.47	0.03420	0.0
-128.96280	47.53552	-	27.50	0.03420	0.0
-128.96282	47.53521	-	27.54	0.03420	0.0
-128.96283	47.53491	-	27.57	0.03420	0.0
-128.96285	47.53460	-	27.61	0.03420	0.0
-128.96287	47.53429	-	27.64	0.03420	0.0
-128.96288	47.53399	-	27.67	0.03420	0.0
-128.96290	47.53368	-	27.71	0.03420	0.0
-128.96291	47.53337	-	27.74	0.03420	0.0
-128.96293	47.53306	-	27.78	0.03420	0.0
-128.96295	47.53276	-	27.81	0.03420	0.0
-128.96296	47.53245	-	27.85	0.03420	0.0
-128.96298	47.53214	-	27.88	0.03420	0.0
-128.96300	47.53183	-	27.91	0.03420	0.0
-128.96301	47.53153	-	27.95	0.03420	0.0
-128.96303	47.53122	-	27.98	0.03420	0.0
-128.96304	47.53091	-	28.02	0.03420	0.0
-128.96306	47.53060	-	28.05	0.03420	0.0
-128.96308	47.53030	-	28.09	0.03420	0.0
-128.96309	47.52999	-	28.12	0.03420	0.0
-128.96311	47.52968	-	28.15	0.03420	0.0
-128.96313	47.52937	-	28.19	0.03420	0.0
-128.96314	47.52907	-	28.22	0.03420	0.0
-128.96316	47.52876	-	28.26	0.03420	0.0
-128.96318	47.52845	-	28.29	0.03420	0.0
-128.96319	47.52814	-	28.32	0.03420	0.0
-128.96321	47.52784	-	28.36	0.03420	0.0
-128.96322	47.52753	-	28.39	0.03420	0.0
-128.96324	47.52722	-	28.43	0.03420	0.0
-128.96326	47.52691	-	28.46	0.03420	0.0
-128.96327	47.52661	-	28.50	0.03420	0.0
-128.96329	47.52630	-	28.53	0.03420	0.0
-128.96331	47.52599	-	28.56	0.03420	0.0
-128.96332	47.52569	-	28.60	0.03420	0.0
-128.96334	47.52538	-	28.63	0.03420	0.0
-128.96335	47.52507	-	28.67	0.03420	0.0
-128.96337	47.52476	-	28.70	0.03420	0.0
-128.96339	47.52446	-	28.73	0.03420	0.0
-128.96340	47.52415	-	28.77	0.03420	0.0
-128.96342	47.52384	-	28.80	0.03420	0.0
-128.96344	47.52353	-	28.84	0.03420	0.0
-128.96345	47.52323	-	28.87	0.03420	0.0
-128.96347	47.52292	-	28.91	0.03420	0.0
-128.96348	47.52261	-	28.94	0.03420	0.0
-128.96350	47.52230	-	28.97	0.03420	0.0
-128.96352	47.52200	-	29.01	0.03420	0.0
-128.96353	47.52169	-	29.04	0.03420	0.0
-128.96355	47.52138	-	29.08	0.03420	0.0
-128.96357	47.52107	-	29.11	0.03420	0.0
-128.96358	47.52077	-	29.15	0.03420	0.0
-128.96360	47.52046	-	29.18	0.03420	0.0
-128.96361	47.52015	-	29.21	0.03420	0.0
-128.96363	47.51984	-	29.25	0.03420	0.0
-128.96365	47.51954	-	29.28	0.03420	0.0
-128.96366	47.51923	-	29.32	0.03420	0.0
-128.96368	47.51892	-	29.35	0.03420	0.0
-128.96370	47.51862	-	29.38	0.03420	0.0
-128.96371	47.51831	-	29.42	0.03420	0.0
-128.96373	47.51800	-	29.45	0.03420	0.0
-128.96374	47.51769	-	29.49	0.03420	0.0
-128.96376	47.51739	-	29.52	0.03420	0.0
-128.96378	47.51708	-	29.56	0.03420	0.0
-128.96379	47.51677	-	29.59	0.03420	0.0
-128.96381	47.51646	-	29.62	0.03420	0.0
-128.96383	47.51616	-	29.66	0.03420	0.0
-128.96384	47.51585	-	29.69	0.03420	0.0
-128.96386	47.51554	-	29.73	0.03420	0.0
-128.96387	47.51523	-	29.76	0.03420	0.0
-128.96389	47.51493	-	29.80	0.03420	0.0
-128.96391	47.51462	-	29.83	0.03420	0.0
-128.96392	47.51431	-	29.86	0.03420	0.0
-128.96394	47.51400	-	29.90	0.03420	0.0
-128.96396	47.51370	-	29.93	0.03420	0.0
-128.96397	47.51339	-	29.97	0.03420	0.0
-128.96399	47.51308	-	30.00	0.03420	0.0
-128.96400	47.51277	-	30.03	0.03420	0.0
-128.96402	47.51247	-	30.07	0.03420	0.0
-128.96404	47.51216	-	30.10	0.03420	0.0
-128.96405	47.51185	-	30.14	0.03420	0.0
-128.96407	47.51155	-	30.17	0.03420	0.0
-128.96409	47.51124	-	30.21	0.03420	0.0
-128.96410	47.51093	-	30.24	0.03420	0.0
-128.96412	47.51062	-	30.27	0.03420	0.0
-128.96413	47.51032	-	30.31	0.03420	0.0
-128.96415	47.51001	-	30.34	0.03420	0.0
-128.96417	47.50970	-	30.38	0.03420	0.0
-128.96418	47.50939	-	30.41	0.03420	0.0
-128.96420	47.50909	-	30.45	0.03420	0.0
-128.96422	47.50878	-	30.48	0.03420	0.0
-128.96423	47.50847	-	30.51	0.03420	0.0
-128.96425	47.50816	-	30.55	0.03420	0.0
-128.96426	47.50786	-	30.58	0.03420	0.0
-128.96428	47.50755	-	30.62	0.03420	0.0
-128.96430	47.50724	-	30.65	0.03420	0.0
-128.96431	47.50693	-	30.68	0.03420	0.0
-128.96433	47.50673	-	30.71	0.02324	0.0
-128.96435	47.50652	-	30.73	0.02324	0.0
-128.96436	47.50631	-	30.75	0.02324	0.0
-128.96438	47.50610	-	30.78	0.02324	0.0
-128.96439	47.50589	-	30.80	0.02324	0.0
-128.96441	47.50568	-	30.82	0.02324	0.0
-128.96443	47.50547	-	30.85	0.02324	0.0
-128.96444	47.50526	-	30.87	0.02324	0.0
-128.96446	47.50506	-	30.89	0.02324	0.0
-128.96448	47.50485	-	30.92	0.02324	0.0
-128.96449	47.50464	-	30.94	0.02324	0.0
-128.96451	47.50443	-	30.96	0.02324	0.0
-128.96452	47.50422	-	30.99	0.02324	0.0
-128.96454	47.50401	-	31.01	0.02324	0.0
-128.96456	47.50380	-	31.03	0.02324	0.0
-128.96457	47.50360	-	31.06	0.02324	0.0
-128.96459	47.50339	-	31.08	0.02324	0.0
-128.96461	47.50318	-	31.10	0.02324	0.0
-128.96462	47.50297	-	31.13	0.02324	0.0
-128.96464	47.50276	-	31.15	0.02324	0.0
-128.96465	47.50255	-	31.17	0.02324	0.0
-128.96467	47.50234	-	31.20	0.02324	0.0
-128.96469	47.50213	-	31.22	0.02324	0.0
-128.96470	47.50193	-	31.24	0.02324	0.0
-128.96472	47.50172	-	31.27	0.02324	0.0
-128.96474	47.50151	-	31.29	0.02324	0.0
-128.96475	47.50130	-	31.31	0.02324	0.0
-128.96477	47.50109	-	31.34	0.02324	0.0
-128.96478	47.50088	-	31.36	0.02324	0.0
-128.96480	47.50067	-	31.38	0.02324	0.0
-128.96482	47.50046	-	31.40	0.02324	0.0
-128.96483	47.50026	-	31.43	0.02324	0.0
-128.96485	47.50005	-	31.45	0.02324	0.0
-128.96487	47.49984	-	31.47	0.02324	0.0
-128.96488	47.49963	-	31.50	0.02324	0.0
-128.96490	47.49942	-	31.52	0.02324	0.0
-128.96491	47.49921	-	31.54	0.02324	0.0
-128.96493	47.49900	-	31.57	0.02324	0.0
-128.96495	47.49880	-	31.59	0.02324	0.0
-128.96496	47.49859	-	31.61	0.02324	0.0
-128.96498	47.49838	-	31.64	0.02324	0.0
-128.96500	47.49817	-	31.66	0.02324	0.0
-128.96501	47.49796	-	31.68	0.02324	0.0
-128.96503	47.49775	-	31.71	0.02324	0.0
-128.96504	47.49754	-	31.73	0.02324	0.0
-128.96506	47.49733	-	31.75	0.02324	0.0
-128.96508	47.49713	-	31.78	0.02324	0.0
-128.96509	47.49692	-	31.80	0.02324	0.0
-128.96511	47.49671	-	31.82	0.02324	0.0
-128.96513	47.49650	-	31.85	0.02324	0.0
-128.96514	47.49629	-	31.87	0.02324	0.0
-128.96516	47.49608	-	31.89	0.02324	0.0
-128.96517	47.49587	-	31.92	0.02324	0.0
-128.96519	47.49566	-	31.94	0.02324	0.0
-128.96521	47.49546	-	31.96	0.02324	0.0
-128.96522	47.49525	-	31.99	0.02324	0.0
-128.96524	47.49504	-	32.01	0.02324	0.0
-128.96526	47.49483	-	32.03	0.02324	0.0
-128.96527	47.49462	-	32.06	0.02324	0.0
-128.96529	47.49441	-	32.08	0.02324	0.0
-128.96530	47.49420	-	32.10	0.02324	0.0
-128.96532	47.49400	-	32.13	0.02324	0.0
-128.96534	47.49379	-	32.15	0.02324	0.0
-128.96535	47.49358	-	32.17	0.02324	0.0
-128.96537	47.49337	-	32.19	0.02324	0.0
-128.96539	47.49316	-	32.22	0.02324	0.0
-128.96540	47.49295	-	32.24	0.02324	0.0
-128.96542	47.49274	-	32.26	0.02324	0.0
-128.96543	47.49253	-	32.29	0.02324	0.0
-128.96545	47.49233	-	32.31	0.02324	0.0
-128.96547	47.49212	-	32.33	0.02324	0.0
-128.96548	47.49191	-	32.36	0.02324	0.0
-128.96550	47.49170	-	32.38	0.02324	0.0
-128.96552	47.49149	-	32.40	0.02324	0.0
-128.96553	47.49128	-	32.43	0.02324	0.0
-128.96555	47.49107	-	32.45	0.02324	0.0
-128.96556	47.49086	-	32.47	0.02324	0.0
-128.96558	47.49066	-	32.50	0.02324	0.0
-128.96560	47.49045	-	32.52	0.02324	0.0
-128.96561	47.49024	-	32.54	0.02324	0.0
-128.96563	47.49003	-	32.57	0.02324	0.0
-128.96565	47.48982	-	32.59	0.02324	0.0
-128.96566	47.48961	-	32.61	0.02324	0.0
-128.96568	47.48940	-	32.64	0.02324	0.0
-128.96569	47.48920	-	32.66	0.02324	0.0
-128.96571	47.48899	-	32.68	0.02324	0.0
-128.96573	47.48878	-	32.71	0.02324	0.0
-128.96574	47.48857	-	32.73	0.02324	0.0
-128.96576	47.48836	-	32.75	0.02324	0.0
-128.96578	47.48815	-	32.78	0.02324	0.0
-128.96579	47.48794	-	32.80	0.02324	0.0
-128.96581	47.48773	-	32.82	0.02324	0.0
-128.96582	47.48753	-	32.85	0.02324	0.0
-128.96584	47.48732	-	32.87	0.02324	0.0
-128.96586	47.48711	-	32.89	0.02324	0.0
-128.96587	47.48690	-	32.92	0.02324	0.0
-128.96589	47.48669	-	32.94	0.02324	0.0
-128.96591	47.48648	-	32.96	0.02324	0.0
-128.96592	47.48627	-	32.98	0.02324	0.0
